2000
1 362389 832
1 614798 954
1 504679 843
3 77422 584652 503550 35243
3 766378 272585 472367 949443
3 601414 915185 32751 991854
3 744913 130036 411495 632768
3 138957 244279 66553 744327
3 325624 57981 476991 910725
1 221851 79
3 221851 999146 221851 715142
3 682952 370982 356883 743531
3 970969 503428 604909 367628
1 507064 67
3 507064 536351 507064 105037
3 608175 779887 799413 153232
3 730860 836994 397819 977926
1 525809 746
3 525809 689306 525809 883716
1 580879 581
1 297552 400
3 251406 636145 235552 43571
3 597642 229109 8660 111404
1 185047 680
3 731597 890827 844398 757097
1 440739 638
3 497462 908643 613082 544775
3 525533 480785 460135 922080
3 424130 10897 20900 340987
3 383771 64736 28567 715336
1 186084 978
3 186084 641148 186084 105705
3 561026 591881 5325 533210
3 399134 137617 489196 305833
3 553203 20791 607302 54622
3 365524 512270 238918 203448
1 683968 795
3 428157 20906 260266 310843
3 341323 44576 736779 654291
1 427716 141
3 785775 834049 718920 850111
1 684490 237
1 56233 76
1 127645 754
1 693188 151
1 628139 534
1 669247 971
3 598948 471647 250734 813450
1 544837 382
1 622501 493
1 46005 31
3 46005 470847 46005 323347
1 606375 503
1 413656 822
3 413963 863724 938349 114398
1 13889 81
3 869886 147130 589827 266831
3 76957 145907 572975 366330
1 817499 616
1 203490 630
3 54427 666551 922242 85278
1 343801 604
3 260301 308425 384774 688860
3 866472 60671 627012 624695
3 775552 9048 854562 360033
1 644517 689
3 644517 952154 644517 150483
3 126014 3244 543847 601633
3 911057 322905 264795 871511
1 162315 264
3 359555 41514 758750 981061
3 527952 130583 415548 281632
1 652400 746
3 216331 395356 886686 739857
3 212093 848317 587389 671552
1 394725 886
3 394725 268397 394725 846350
1 771951 555
3 257837 109473 669204 530635
1 928752 874
3 75361 718043 975659 436456
3 900663 957545 404001 956268
3 392988 528232 447910 354442
3 260490 654669 271207 500262
3 645580 930562 599703 485130
1 138354 752
3 751283 892236 771870 594324
1 436112 438
3 760088 727876 691057 366840
3 702101 473702 538771 822282
3 402579 403522 466829 350574
1 79695 992
1 98235 293
1 194021 80
1 126716 790
1 794844 599
3 804962 591644 293016 436696
1 387939 449
1 19361 903
3 12175 265526 410595 13942
3 680683 335136 639092 931307
1 309514 97
3 863307 482409 138381 735653
1 70975 483
1 937274 919
1 820093 41
1 706735 567
1 355582 625
3 226941 263574 757384 725041
1 120672 595
1 106770 245
1 466957 589
3 486689 272197 986558 353675
3 668431 873179 824248 116439
1 531981 523
1 314460 529
1 413504 367
3 622262 512200 335257 236107
3 234957 393647 999260 599792
3 819455 173641 168926 670123
3 876656 778923 289945 341395
3 555223 636784 185410 443266
3 407632 319712 558124 742082
1 846797 691
3 137258 793272 548310 867690
1 934816 250
1 131128 835
1 261972 832
3 261972 221106 261972 252745
3 838919 369591 988767 924677
3 331843 679010 84674 406151
1 33957 691
3 33957 503211 33957 746994
3 514664 262557 450969 667664
1 963655 689
1 409737 643
1 278510 466
3 407289 625207 227879 533595
1 692683 45
1 649330 421
3 65244 142966 117746 485876
1 66492 346
3 459876 911745 846098 605047
1 901637 383
3 969400 738123 705330 640989
1 368309 301
3 67649 702345 113053 584071
1 237346 503
3 689887 805729 447837 714625
3 843444 248110 9791 987196
1 924526 166
3 565854 669396 159846 701813
1 192962 588
3 89275 657312 83643 156332
1 977975 204
3 650464 259793 934595 640440
3 793038 749812 800582 140843
1 246612 145
1 453127 657
3 494806 942154 211292 948916
1 204215 516
3 204215 762031 204215 731570
3 120071 597065 707912 945115
1 151724 263
3 993243 759774 596716 635338
1 504010 87
3 946220 837654 482725 823948
1 797158 165
1 413740 484
3 155598 772538 377618 727652
1 970938 734
3 811352 491984 129084 212331
1 146157 770
1 359802 270
3 936341 514157 25276 463137
1 733601 187
3 566838 83900 880078 887989
1 833294 573
3 162667 183200 647808 188090
3 312982 259532 817735 791806
1 976252 899
3 479396 971219 786810 494985
1 455719 114
1 482104 644
1 630802 859
3 73597 458004 121158 784506
3 631384 953115 743161 756954
3 680327 680241 256593 369354
3 808330 757509 909065 640751
1 660415 965
3 660415 366259 660415 330462
1 11919 492
3 57374 76671 612379 317044
1 591734 152
1 273341 877
1 737997 234
3 943824 185216 698286 718828
3 755136 454713 771263 440189
1 847576 38
1 74745 689
3 74745 526763 74745 976514
1 401578 141
1 100394 150
3 500278 740257 329921 446461
1 267598 707
1 156075 100
3 244659 203423 416946 748195
3 843518 819507 575416 784826
3 542833 848137 230010 583853
1 546223 385
3 546223 563532 546223 490952
1 880567 554
1 217256 120
3 564231 984997 460101 952656
1 955377 294
1 221388 471
3 128676 623553 807486 881519
1 506988 416
3 506988 136819 506988 99912
1 447842 629
1 863379 601
1 622190 975
1 321904 254
3 321904 57696 321904 213232
1 702693 406
3 64415 33564 263449 669179
1 119809 408
3 112175 123373 705814 775885
1 410383 485
3 857911 609168 106852 729270
3 37833 785852 178054 270269
1 442502 465
3 185216 15753 678820 717910
3 748796 867529 39335 7526
3 157754 40570 410772 856269
3 533535 733565 47405 706799
1 816693 262
3 326211 662813 200547 670620
1 938653 206
3 719016 842491 427592 972972
1 911194 427
1 528391 198
3 528391 45801 528391 921682
3 808959 282258 464336 906855
3 634737 496881 12151 437232
1 812073 148
1 625616 447
3 386961 226860 353143 933612
3 573319 590655 504411 1162
3 468643 484019 294933 966674
3 453873 38767 328233 444684
3 443817 702282 273693 794960
3 691219 442064 918148 105094
1 42331 831
1 868359 868
1 68940 423
1 247381 292
1 163565 437
1 843596 92
3 659645 105504 740307 367621
3 163913 765479 71054 45069
3 791183 737265 30952 830960
3 470157 655705 639181 476440
1 170764 712
3 788661 602252 412959 357873
1 837756 192
1 937578 309
1 751455 919
3 147213 352386 289342 92282
1 581797 280
1 927735 906
1 658339 106
3 672954 606842 606586 721243
1 474050 384
3 865774 964977 129762 340713
3 704746 107082 695897 210793
3 992635 60454 333776 263398
3 796341 956740 913181 795929
3 329164 458929 418029 135912
3 707065 238876 306564 793606
3 484628 113230 666950 338782
1 415427 916
1 85223 319
3 85223 882162 85223 192326
1 531321 319
3 688094 120467 250777 941168
3 928937 23275 261306 494394
3 164354 506058 246910 853728
1 112667 852
1 340463 276
3 361555 920526 305684 407895
3 616562 391299 629559 366839
3 616093 239883 290715 918646
3 451222 679195 100617 496938
3 480112 247479 321165 744383
3 955453 772222 504295 166583
1 546777 732
1 396165 550
3 7900 157904 363759 244586
3 1556 863374 412958 102787
3 370003 755553 381971 20144
1 348736 383
3 717756 890937 390489 313131
1 833599 819
1 160724 625
3 534969 566967 753789 535142
3 202159 319901 677854 64134
1 533522 330
3 829289 330067 21671 833502
1 691614 230
1 268154 630
1 269103 62
3 544719 198318 253465 616799
3 684327 24701 986714 449886
1 602332 618
1 252710 971
1 747117 2
1 72926 472
1 53187 634
3 53187 965976 53187 961092
1 220346 229
1 598058 502
1 312902 938
1 435829 83
3 132131 87285 354243 476697
1 449877 793
3 979720 487659 627923 382415
3 792486 952248 791302 83091
3 578115 462121 896309 296835
1 685576 740
3 222044 20334 933934 472613
3 463299 669 29728 592628
3 571375 910160 683940 744255
3 65710 738042 64081 815356
1 285602 996
1 541349 632
3 768517 926228 521773 67712
1 545937 335
1 114548 923
1 400190 601
1 333006 83
1 366150 333
3 963969 561299 303283 703106
3 213519 952836 611446 795028
3 984006 332084 401817 994019
1 404360 808
3 115560 530833 525050 76288
1 79714 514
1 156775 493
1 495411 550
1 170382 124
3 170382 757512 170382 27084
1 638593 774
1 639676 156
3 147061 596940 752173 38635
1 147937 304
3 729493 16296 398063 606363
1 114181 480
3 907888 94205 36752 750334
1 568034 550
3 402793 998283 331854 866872
1 578320 542
3 235260 348464 326537 736119
1 865980 860
3 14408 802373 647934 766687
3 842491 323807 459069 727137
1 315524 672
3 336270 570619 662877 674470
1 445002 772
3 485719 455825 74840 149122
3 226683 5687 711839 272717
1 653675 394
1 99241 694
3 175609 557945 727035 842293
3 330370 728172 595376 157417
3 549356 441310 851545 182531
1 431882 529
1 140873 225
1 288945 631
3 835276 884952 469622 418088
1 619984 721
1 37906 392
3 933096 197024 957470 874010
3 872962 119542 855546 742620
1 55463 414
3 142949 724484 881671 442062
3 716905 181562 699416 286774
3 630950 462649 778029 780234
1 336804 647
1 339399 582
1 601417 161
1 264688 944
3 583561 666712 96929 327875
3 993451 286645 934151 951457
1 764754 138
1 422007 644
1 981736 484
1 888966 98
1 286778 644
3 36071 909291 895088 403865
3 907495 21687 579460 459205
1 360789 541
1 446007 946
1 225413 497
1 356226 959
1 758644 63
1 87160 965
1 364949 420
1 234604 428
1 219726 970
1 48754 225
1 628823 66
3 895360 664200 571878 687490
3 822297 556850 955346 842247
1 457336 205
1 401449 281
1 135599 264
1 809385 877
3 589981 134680 632148 607637
1 175748 388
3 47685 842077 914361 282170
3 666610 601047 783124 137774
3 83252 543872 954860 220884
1 665868 460
1 227113 890
3 227113 910714 227113 970518
1 11008 183
1 858050 559
1 515681 62
1 161620 355
3 802460 8005 763814 60635
1 449968 752
1 506632 924
3 163063 427364 997763 971513
1 513538 236
3 100586 810971 908852 12572
1 721354 586
3 920406 52939 967721 696757
1 991470 146
1 336576 42
1 747152 709
3 966238 415293 152047 764066
1 535409 539
3 303796 281352 903071 792069
1 762174 951
1 582119 674
3 520508 638025 374576 80923
3 971656 3354 805135 891219
3 652065 783427 157543 386461
1 152190 313
1 249856 421
3 170824 178560 747463 468813
1 311342 539
3 164767 177842 77538 456832
1 967098 168
1 416318 590
1 349813 279
1 152424 861
3 466033 47249 729950 98002
1 296534 230
3 265428 513151 614477 330261
3 429025 358560 349970 672331
1 940615 464
3 940615 961971 940615 814719
1 471387 977
3 741072 270669 461192 213644
1 572819 398
1 783467 754
3 424805 967034 533219 75768
3 971486 283325 664573 792921
1 852364 121
3 852364 156090 852364 315254
3 611 69261 605150 237339
3 160986 945114 349047 964748
3 689561 788924 819090 866088
3 719254 507829 801699 794022
3 883172 712612 308423 225628
3 114735 480810 935905 752277
1 809365 351
3 29892 38801 768457 760449
3 281165 555227 516632 220256
1 872138 865
1 564639 150
3 21732 67988 252274 894428
1 39136 441
1 50203 783
1 579262 580
3 416204 792015 390790 376156
3 463856 752921 281953 138069
3 831684 784402 451707 211567
3 489717 541176 265957 660621
3 223930 808499 233962 200673
3 703022 11511 454015 893629
1 404527 133
3 352113 248306 236961 983964
3 714139 30772 398681 79887
3 490666 80243 900121 722158
1 939376 827
3 623580 814349 788664 998662
1 235836 150
3 45296 197579 799368 205372
3 337509 337020 391513 335423
3 456023 218985 588682 21719
3 86499 713990 936945 566068
1 232043 549
3 869682 959241 334162 803325
3 206507 528789 669026 409443
3 207763 797440 421936 967635
3 541794 539637 464186 85767
3 170496 51407 175345 954675
3 78015 994817 576091 555996
3 592566 623465 971294 427571
3 531781 319676 123126 492370
3 691500 21049 819342 646578
3 676661 784552 283687 417806
1 739020 969
3 739020 784291 739020 809838
3 185119 584039 552 99334
1 320220 283
1 218423 624
3 707169 382244 847110 211686
1 287341 444
3 468450 940320 663551 791194
3 761672 350931 427241 508282
3 924848 418553 910619 415029
3 303208 547709 325395 310409
1 961010 870
3 335325 758092 995441 680584
3 869783 467750 874276 417155
1 51893 433
3 639049 955423 44985 931096
1 799819 27
1 355985 515
3 355985 663549 355985 946965
3 152779 811659 768071 517147
1 175147 245
1 262872 404
3 652143 905240 429409 196378
3 768901 215245 372372 940396
3 248999 944155 352119 813374
1 50975 39
3 50975 382136 50975 598335
1 475720 132
1 53882 229
3 53882 777851 53882 927298
3 958460 219456 844507 227331
3 627445 466333 121761 180000
1 220736 182
3 127971 106109 213703 411863
3 213513 249593 58246 562453
1 934806 543
3 468449 179426 438936 534926
1 192651 489
3 283258 177822 469822 329695
3 892170 629198 906289 927256
3 333093 15328 617556 104828
3 346055 601453 341215 582090
3 541759 280719 698550 352166
1 756185 278
1 73062 638
1 162716 307
3 164845 76877 212816 558405
1 651047 36
1 13157 694
3 133794 759308 134568 915693
1 591895 642
3 799189 647180 550658 561686
1 507612 464
1 347193 160
3 158555 182134 490996 17856
1 403644 665
1 320796 49
1 634653 19
1 383117 359
1 37914 780
3 796332 434108 256151 244032
1 515758 726
3 889171 695127 359923 962189
3 762170 478699 398959 562286
1 146194 248
3 131683 50226 925549 324215
1 273857 814
1 953661 502
1 269009 137
3 522017 61758 746799 851238
3 545360 695097 382152 964126
3 371487 91749 298826 152551
1 728894 299
3 440518 611343 883968 581976
1 590474 406
3 434672 221989 793258 895761
3 356076 150825 900690 41011
3 35413 80398 66213 690035
3 150441 536411 400676 547624
3 736314 669802 397528 176133
3 991025 703874 120750 109099
3 881373 835609 131227 462176
1 40073 840
1 741628 661
1 336938 76
3 336938 528690 336938 39870
1 278522 800
3 371346 325257 607627 855851
1 219940 329
3 68664 527669 48469 42633
3 703423 625953 654916 855562
1 385613 41
3 802774 994469 271557 468314
1 550828 6
3 326351 21347 275713 919874
1 689665 957
1 749420 469
1 288339 626
3 562445 876109 32432 91971
1 136042 606
1 384707 853
3 14801 90358 660940 683685
3 477281 368126 992235 835285
3 902427 715447 601270 290374
3 190010 679296 239141 665865
1 281120 318
1 952000 98
1 256845 273
1 766690 12
1 837010 573
1 362414 99
3 512544 879993 17990 236837
3 924338 341245 594467 566494
1 641852 731
3 641852 222098 641852 700329
3 654859 534635 39035 747684
3 813458 852809 992012 606918
1 378658 801
1 710037 504
3 307202 766026 781432 436486
1 278045 462
1 149813 413
3 487594 970246 620940 766720
1 866587 885
1 587103 668
3 70200 44844 314702 851437
1 875304 909
1 237543 884
3 269887 735611 962183 283349
3 939424 607643 358789 405229
1 9665 101
1 399338 638
1 21754 20
1 236359 698
3 413814 548568 345419 941913
1 190191 236
1 734748 977
1 805192 176
3 884822 288839 186953 595551
1 941062 131
1 270325 421
3 715084 407870 738771 979494
1 875707 633
3 926192 515653 287451 326135
3 456498 749150 675181 159231
3 242844 716488 925361 636237
1 721893 276
3 721893 948202 721893 266532
3 408685 125904 882832 704168
1 378936 548
1 671193 958
3 31306 172882 965846 597769
3 537304 959140 959587 776055
3 191213 679339 418613 888910
3 715265 260549 499189 531630
3 899581 456985 845211 70411
3 709902 824903 879974 930711
3 615703 800088 35831 705637
1 965542 434
3 927356 864720 667305 870177
1 3872 481
1 186634 200
3 820428 459608 74558 75946
3 663974 251802 57405 743327
3 690043 590461 175412 36731
3 798674 103653 514086 468209
1 901279 633
3 901279 431337 901279 680333
3 690250 347645 276584 14421
3 996831 313013 690903 222130
3 856418 860795 651508 750320
1 462247 719
1 929359 662
3 776415 157900 728405 641593
1 279498 815
1 815588 382
3 260888 982531 90720 525633
3 892217 4505 109141 920080
1 362435 423
3 341341 260313 920662 92350
3 614637 827932 721103 600010
3 846975 214255 471883 368515
3 980337 64551 702026 41697
1 962040 19
1 215400 8
3 215400 11929 215400 339140
1 47109 497
3 150801 838832 581733 603298
3 430308 907113 648256 195733
1 153180 856
3 153180 72658 153180 546154
3 977063 329861 832753 23313
1 988991 404
1 299727 423
1 272023 437
3 279968 726307 781806 787965
3 656648 750066 525999 739667
3 878707 314827 462432 189750
1 109718 420
3 425704 473983 182489 91510
3 414437 543070 22455 499004
3 284306 955645 495353 485742
3 166842 975586 551400 457486
1 4327 156
1 489049 461
3 135578 749511 660402 131133
1 474957 955
1 429213 853
1 999585 702
3 32643 56086 94057 415676
1 992593 243
3 692383 563850 754565 71607
1 351318 297
3 213209 262316 740327 482072
1 462808 931
3 527579 307135 223105 344590
3 464906 151030 465885 184226
3 478769 179342 938807 470438
3 403146 140545 944772 993236
3 193978 906737 268279 983869
3 100103 611177 723704 937877
3 280281 885769 302544 946002
1 900396 432
3 117573 26401 553877 409003
3 182703 622467 221552 241024
1 761525 60
1 570445 841
3 570445 200231 570445 57185
1 74305 761
1 946002 804
1 26633 560
3 528352 612397 306142 676464
3 80421 542879 768208 764242
1 813585 733
1 540788 488
1 590743 111
1 718623 504
3 446467 543893 107560 832202
3 752514 164731 88451 260581
3 932575 304031 935813 442763
1 325811 684
3 4753 917979 554662 258185
1 682083 704
1 606098 976
3 416273 410181 363549 520211
3 838071 40261 191506 499061
3 351380 346078 945940 809364
3 700255 323866 749254 831501
1 473213 220
3 38416 117114 386564 269110
3 987008 811658 63832 808965
1 776343 653
1 812466 168
1 262035 215
1 769850 517
3 352340 489810 51477 702827
3 94548 196499 756496 641747
3 363869 189509 923740 568106
1 927754 161
1 481545 142
3 63565 378817 267673 524928
3 555809 267943 60227 865982
3 314301 895015 469104 563835
1 129166 886
1 648579 296
1 87046 682
3 338047 142621 504580 280597
3 143924 691929 191122 632586
3 194516 549184 504650 752079
1 534748 488
3 534748 691115 534748 958372
1 113162 96
1 365640 368
1 851194 618
3 334840 544514 218104 91671
1 54779 427
1 477527 862
3 882290 289510 598058 632848
1 479001 917
3 977169 262066 222681 397000
1 52284 323
3 671975 958308 492933 981998
3 643994 683420 168335 778320
3 68847 941997 635977 56195
1 88795 97
1 847446 428
1 965738 844
1 106374 373
3 750756 59002 532498 780419
3 611346 633349 272608 971959
3 84063 984202 270320 589071
1 685545 477
1 465069 421
3 753971 510720 535890 754784
1 159610 544
3 347570 762359 543887 648030
1 492227 383
3 680816 7381 247946 251988
3 298287 928698 6773 619223
3 842575 98989 534407 464362
3 636799 122735 742243 868532
3 554730 968978 816974 594192
1 258319 166
3 225404 924329 40189 523072
1 343776 743
3 798604 875874 559568 77880
3 426836 473076 381428 978781
1 859119 403
3 666229 632527 926030 419457
1 467595 197
3 383935 379741 791772 911930
3 919219 500954 338498 835941
3 308324 193308 675538 691562
1 899223 92
1 321289 883
1 79966 165
1 566482 712
3 565303 314992 428982 525091
3 14200 716277 239717 11386
3 238128 806836 187275 365439
1 538539 579
1 747229 296
3 993473 631306 835263 340367
3 660751 159725 705304 798935
3 633120 611122 482078 391384
1 155690 24
1 641181 852
3 141041 114937 774821 88976
3 427209 13099 30670 268202
3 623819 791423 301688 419620
1 256173 673
1 669305 648
3 928895 87055 150801 545185
3 143897 826698 782393 30744
1 716536 710
1 549169 560
3 410956 872662 328777 132456
3 989112 271825 50739 96217
3 349902 312292 89169 861069
3 409270 251021 6821 660109
3 45550 233208 550538 740419
3 144933 314393 428142 811289
3 335541 933979 872034 759630
3 508054 675633 75297 467582
1 153103 472
1 274883 828
3 386229 384539 597879 509921
1 622267 332
3 998599 155321 710033 439426
3 587878 598404 85359 764817
1 515913 652
3 804277 704840 347120 576401
1 571968 416
3 814016 135873 350834 699405
1 129261 538
1 225667 910
3 859956 120053 547411 733596
3 213640 308094 115839 965606
1 3754 818
1 810403 430
1 831857 266
1 476841 902
1 563229 67
3 271422 943087 553071 386060
3 475563 154406 323515 212155
1 124510 559
1 120374 663
1 850745 243
3 850745 26919 850745 763314
1 649399 229
1 672558 297
1 518416 763
3 604434 146018 30434 543656
1 336745 568
3 243183 901809 423936 576843
1 600947 149
3 777871 4934 926014 976408
3 920715 752065 339397 104140
3 28137 83409 772723 77639
3 834702 425388 78072 650477
1 41985 137
3 41985 556806 41985 986203
1 795318 549
3 536155 198044 873243 188958
3 96390 933793 771286 304056
3 692314 982135 936402 234134
1 988572 582
1 414815 525
3 401181 640651 149808 371734
1 357415 827
1 569557 894
3 216057 445461 571867 813693
3 946830 31352 400187 77988
1 332619 902
3 332619 903766 332619 748825
1 195962 727
3 195962 703964 195962 152794
3 210652 974723 791918 549083
1 277592 609
3 277592 664764 277592 428062
3 789545 806582 750098 50752
3 247767 164354 833927 608081
1 379829 226
1 351401 80
1 457962 937
1 15515 268
3 15515 542447 15515 847572
3 727438 661576 628962 571669
3 108094 331505 885108 277705
3 445493 593311 866699 311535
3 621643 762372 554473 939555
1 542418 740
3 218130 340626 680900 916799
3 730739 914558 679326 153183
1 994722 379
1 439116 554
1 459389 18
1 340665 974
3 248995 428956 319595 851069
1 462951 431
3 662003 89800 29220 161786
3 527474 781226 408691 850932
3 752536 99106 937863 876337
3 670861 171760 783253 374950
1 944303 19
3 704742 514297 126907 789109
1 970138 818
1 277103 927
3 525835 459038 895312 878302
3 770207 169878 762642 933962
3 107170 104557 309074 702432
3 973228 188493 119546 667563
3 754496 550562 35628 569707
1 514033 865
1 69076 373
1 166555 464
3 641607 477585 226399 761757
1 288806 138
3 288806 639318 288806 263638
1 931396 65
3 927905 150890 772287 100746
3 554090 255117 391801 239037
3 722613 689795 445415 744860
1 421837 851
1 885304 975
1 453834 100
1 39327 411
1 559139 593
1 388554 358
3 981572 439351 886045 839895
1 297219 572
3 627992 362813 645299 730723
1 165145 548
1 901378 893
3 941975 494079 95754 23136
3 320412 267800 71979 368036
3 287667 261170 198245 238481
1 555259 506
3 700847 337519 600386 340458
3 669413 534449 575103 195014
3 871442 397241 395646 81280
3 609678 211969 99703 612593
3 50261 151930 554101 284570
1 815369 906
1 823831 904
3 432251 171709 793365 322501
3 668722 477620 410313 964909
3 659521 63299 975512 399148
1 147132 469
1 584300 39
3 584300 697513 584300 403013
3 235548 871050 589596 482971
1 598070 865
3 669144 606296 868293 299832
1 985769 468
3 866735 848693 778537 428668
3 728015 672543 692675 185720
1 725665 158
3 725665 809778 725665 751902
1 7558 537
3 565185 387791 958194 173158
3 661427 887879 935738 88054
3 39023 201041 278975 641200
3 746793 625941 673702 299824
3 229479 923272 358695 730056
1 561081 198
1 70353 241
1 714438 984
3 436190 868319 628174 741174
1 684641 678
1 158496 559
3 694138 346284 111160 49421
3 831712 210262 257513 654412
3 600398 720409 58204 747502
3 857157 920586 60282 488846
1 20147 19
1 148976 931
1 111388 167
1 449183 169
3 908962 893869 45673 757655
1 718015 318
1 377515 289
3 114810 600087 334220 746691
3 683764 697523 367590 24469
3 455916 609977 692540 501108
1 745027 873
1 241437 271
1 955215 423
3 11826 826874 504511 213298
1 539510 646
3 373256 511276 416027 483363
1 756786 917
3 157512 277088 349768 878135
3 809354 929097 72714 831992
3 7193 234005 827749 783558
3 837156 211477 300300 962074
3 398690 141342 559027 25279
3 465870 914923 332294 691663
1 964966 954
1 491383 9
3 491383 763409 491383 112383
1 565348 697
3 565348 841096 565348 325466
1 609275 85
3 609275 576015 609275 281960
3 539826 27671 290026 193948
3 359037 194158 150712 738165
1 21101 458
3 794736 944408 40391 88423
3 170840 805772 941028 866431
1 80486 492
3 945979 873012 931613 288857
1 880069 271
3 880069 403469 880069 87246
1 344623 520
1 574955 59
1 3754 470
1 695383 984
1 765715 227
1 365744 685
1 996421 317
1 529278 765
3 327405 768461 385658 781160
3 710022 71198 135023 142605
1 274486 46
3 989849 630245 900726 382589
1 380000 615
3 207763 401521 880439 156403
1 908236 395
3 629593 472992 780255 234392
1 128535 893
3 704703 947351 957545 185307
1 988924 403
1 778843 144
1 545299 262
3 545299 79420 545299 235482
1 623414 921
3 782806 295598 428581 14614
3 187422 681758 92328 762333
3 681966 32498 422098 32277
1 802529 776
1 97010 996
3 274146 870655 991251 595744
3 566749 314446 156433 209403
3 604556 278291 629319 440111
3 267684 118627 812501 107907
1 552551 886
3 219266 609313 293394 304077
1 266424 897
3 39755 141803 766821 590523
1 762874 112
3 792727 985106 562847 775775
1 579744 4
1 603732 141
3 742624 350335 848922 437847
3 654308 459240 920119 802658
1 296679 823
1 729065 153
1 346786 416
3 840967 152421 599211 209805
1 425885 64
3 307558 982054 298237 430247
3 358718 338286 747316 527184
3 601999 547432 842265 83269
1 817572 418
1 408069 799
3 577636 912209 332234 906322
3 129681 786110 999576 844795
3 210593 748158 643754 131664
1 170091 228
1 199763 875
1 843451 811
3 29115 554429 992595 75206
1 897148 648
1 803493 420
3 371894 954000 776077 314848
3 50132 60757 878273 227808
3 913200 155678 34777 549683
1 160632 320
1 438457 523
3 626743 271775 223600 644472
1 661500 687
3 546071 844814 367530 410980
3 595690 343435 507842 428739
3 598651 632388 983590 61766
3 46245 162209 695167 224557
1 103410 218
1 381922 193
3 304808 358198 84147 204411
1 963570 623
1 834142 52
3 405216 561333 716839 731518
1 442023 614
3 471956 567031 720146 80145
3 451279 250866 294818 620035
1 882503 847
3 809313 335153 773905 370010
3 845909 375641 770120 425475
1 941408 835
3 941408 277145 941408 667593
3 366083 10942 89527 552505
3 953102 142714 459915 693042
1 615441 298
3 575862 799319 522489 517896
1 539312 433
3 777948 983169 522126 916234
3 80944 274867 949946 239256
3 591635 845022 299025 198182
3 168939 829892 111811 742549
1 940308 290
3 862944 417313 86656 659763
3 10626 452646 496367 649370
3 546352 188661 351988 325913
1 950164 607
3 388078 453968 355093 559413
1 600608 736
3 65754 887464 277865 504410
3 841018 964311 862626 932715
1 453988 999
1 270381 277
1 430315 139
3 144794 396227 999640 357230
1 81112 697
1 736680 4
3 645760 785702 959751 398968
1 726600 859
3 726600 437520 726600 778635
3 156522 634474 724857 580344
1 106871 671
3 186184 234795 110642 848338
3 262881 415052 590834 250855
3 638095 202721 553293 307760
1 551284 648
3 551284 708981 551284 488625
1 58600 473
3 451601 409159 857090 286736
3 788303 543145 240840 382715
3 954012 297538 787084 380872
1 26103 900
3 288089 845474 638361 278009
1 268376 101
3 423860 836328 153656 269050
1 867111 299
3 45713 338140 89917 50969
1 531416 762
3 946396 338602 579069 288728
3 977060 278259 477803 892085
1 556615 861
3 273043 512550 353383 104049
1 998040 525
1 409821 637
1 452233 391
1 689787 197
1 926773 174
3 812446 565912 408635 265569
1 531108 272
1 736119 669
3 267130 546264 3391 377596
1 341727 226
3 341727 513493 341727 318379
3 764964 524814 398321 789896
3 215998 724157 368112 636008
3 716737 562138 283698 798449
1 589486 686
1 418182 564
1 280279 425
3 824636 188000 69691 730075
3 606235 986361 636661 414557
1 644171 99
3 926687 947732 128210 428954
3 913436 195572 957627 584629
3 10757 372728 623502 847852
1 472014 345
1 54767 529
3 549268 409046 353077 553350
1 524148 734
3 40501 793727 473592 794627
1 978245 849
3 571199 367539 160516 24242
3 305802 276034 601965 675059
1 218372 674
1 77026 745
1 372307 662
1 489732 602
1 398861 800
3 384846 68083 499726 152305
1 755188 256
3 653009 71449 276926 627517
1 332299 758
3 332299 370420 332299 883703
3 685407 47840 884819 305554
1 262919 703
3 12316 72080 312106 999273
3 143223 807595 861833 462144
1 713363 511
1 707588 349
1 523797 335
1 826940 631
3 265559 511240 961953 638671
3 964128 702316 228646 42834
3 159689 407150 132573 713890
3 111345 383038 416119 961414
3 699565 287543 13297 702484
3 634266 547247 682704 669197
1 527410 859
1 991766 996
3 976022 802620 398544 660494
1 66642 319
3 549105 427851 346470 303081
1 286781 548
3 286781 389424 286781 408123
1 804183 369
1 147837 155
3 147837 877691 147837 733868
3 866612 179392 449963 791265
3 878579 313780 340932 717815
1 798353 457
1 393379 645
3 997185 76093 465643 559507
1 240772 417
1 990775 679
3 22216 619625 376771 583589
1 464156 509
1 911207 781
3 382015 854086 771891 330622
3 997156 678803 934905 863164
3 403969 358868 40015 108719
1 368225 67
3 210693 346627 256087 716953
3 245847 575008 30 91633
1 749527 236
1 914567 922
3 185161 710571 586774 659544
3 368743 900750 809587 295061
3 669737 579650 298600 371740
1 614297 796
3 300919 490621 30154 72239
1 326491 541
3 153597 403850 152476 664398
1 7920 906
3 470190 373606 648292 705495
3 198824 197069 667406 443353
1 822025 721
3 220953 209403 264101 197072
1 244075 639
1 265345 444
1 338378 142
1 326620 499
3 32279 490379 73615 171582
3 823989 409854 265849 660768
3 177144 29121 323825 398480
1 342735 606
1 64171 276
3 739444 773970 939594 705867
1 421176 596
1 985809 207
1 218351 911
3 218351 371111 218351 426039
3 506659 861822 111362 214704
3 727200 968301 674681 309972
1 636132 569
3 193161 192574 592467 54723
3 119728 226407 33303 138097
1 797215 320
3 988164 258728 496671 734068
1 101723 31
3 365795 355587 664133 66545
3 426989 603347 493100 721337
1 446508 874
1 723945 733
3 248511 258436 575312 232708
1 617617 175
3 64886 36366 774674 135250
3 416684 630132 511187 362923
3 2244 210355 343735 847283
3 314758 209682 643983 99378
3 425022 177953 972125 626110
3 819003 297192 819168 856967
3 744591 162696 107288 861154
1 339846 337
1 406409 28
3 191927 947915 200271 117121
3 184047 259080 392784 447289
3 615451 890735 735468 77381
3 522017 141815 817284 368205
1 334999 991
3 869023 260995 64081 506225
1 21274 419
1 69391 617
1 518769 651
1 1174 929
3 279921 446960 456435 997753
3 725878 969356 860273 476784
1 43131 255
3 798764 304335 390074 920169
1 135587 271
3 409270 820128 578863 909445
3 977764 570591 739584 556549
1 771829 393
1 695412 398
1 809789 325
3 649743 742575 193072 331790
1 410516 723
3 554171 386527 696274 548085
3 562489 362003 999378 863160
3 499774 199406 482916 257573
3 481258 426776 331120 42843
3 562216 264559 831594 11829
1 162589 793
3 342145 515065 330954 159844
1 652304 540
1 550477 9
3 850210 218058 576835 834357
1 896550 188
1 573031 887
3 573031 966360 573031 914337
1 906167 546
3 409813 307409 637576 723447
3 388589 502430 58805 442570
1 608843 751
1 332678 382
1 496950 313
1 172389 622
3 162183 134021 242780 383609
3 564661 394696 809044 279983
3 243593 40985 642857 638962
3 700684 228547 509104 210575
3 739715 637134 358007 752925
3 772496 471847 86220 186539
1 203513 45
3 642995 341939 215249 51828
1 758516 519
1 110349 766
3 170995 240165 297606 161712
3 229915 980875 744462 361914
3 384467 145823 908817 760535
1 671767 368
1 819750 636
3 605968 543948 463167 206892
1 19826 588
3 737020 415131 669552 182422
1 726132 339
3 726132 830700 726132 234200
3 716421 747004 127446 529199
1 851545 593
1 329102 968
1 881293 360
3 621365 677781 954952 388188
3 411056 390823 961052 64971
3 633082 259116 765961 494893
3 449043 24616 796691 356366
3 702447 744485 358209 148350
3 724917 498297 682867 633451
3 303607 247608 96736 108096
1 927398 454
1 864141 464
3 760887 141346 705246 153726
1 99047 222
3 99047 42749 99047 641601
1 719005 579
1 875828 581
3 875828 275071 875828 170941
1 73722 59
3 322755 112164 752783 248840
1 897179 60
1 70696 339
3 700880 484486 459416 960156
3 149000 274700 902215 212457
3 586487 341968 770388 516629
3 523506 680226 286561 803533
3 63565 439395 930904 634559
1 519351 906
1 184520 746
1 513737 674
1 61104 91
3 610867 129028 355372 279381
3 703705 530709 519738 641620
3 739489 788636 359203 986487
3 368146 54832 787832 224457
3 429841 474079 735742 531100
1 11213 361
3 11213 408664 11213 257975
1 360523 242
1 798997 888
3 798997 338988 798997 917547
3 195787 863472 633343 672220
3 134996 626528 8432 775432
1 505056 952
3 176958 22708 520471 642400
1 238947 757
1 488401 620
1 451364 578
3 420654 622282 891733 377811
1 979362 181
1 949166 121
3 949166 159778 949166 54282
3 198243 875380 21618 577098
3 298052 720367 328606 42185
1 398153 446
1 862935 402
3 987191 633572 716993 304009
1 847444 160
3 340063 238924 566586 286517
3 268211 17192 945233 285668
1 850127 680
3 850127 310096 850127 503506
1 660413 322
1 246689 23
1 463445 533
3 463445 372318 463445 504136
1 187140 228
1 546950 975
3 546950 781542 546950 149071
1 953340 993
1 430328 588
3 430328 508446 430328 567695
3 56641 973608 552913 137619
3 767424 847994 11606 660184
3 830765 426287 247163 260739
3 498893 537059 81713 497205
1 256003 717
3 256003 620426 256003 606812
3 400830 381982 16181 374156
3 550264 690896 584020 813088
3 778146 365897 661948 794534
3 531024 260370 797790 768889
1 525630 747
1 50559 405
3 279278 694970 988765 554898
3 292538 385305 636565 697933
1 103880 711
1 115525 433
1 964346 24
1 395400 800
3 531655 439090 35762 634112
1 638087 456
3 638087 118114 638087 252803
1 289874 222
1 124457 510
3 124457 8994 124457 827410
1 23387 695
1 8991 252
3 107743 399124 411189 655339
3 392016 480923 454192 596800
3 696085 936925 857891 392079
1 750459 542
3 397710 672257 954046 81336
3 809295 726704 670455 836496
1 462416 153
1 992948 388
1 16935 594
3 982221 133517 575186 376743
1 905727 842
3 618433 990962 933076 393640
1 332309 808
1 134658 457
3 789803 760961 101511 424328
3 222539 628743 260611 14752
1 275967 499
3 275967 870876 275967 585793
3 210622 794134 641340 769731
1 252405 445
1 384305 768
3 181467 933268 155068 801533
3 823558 84909 464030 501070
1 88551 139
1 792539 436
1 102632 343
1 836553 667
3 337284 573649 353831 744974
1 457927 366
1 640854 941
3 31854 772576 312278 246803
3 286627 783637 370567 934944
3 65447 593698 891546 321389
1 757266 42
1 49288 715
3 494840 728417 873833 723164
1 191022 878
1 114765 859
3 676962 625873 374335 711514
3 609032 948 549389 440892
1 219934 854
1 909639 282
3 346269 423954 758 757449
1 530077 857
1 234317 994
3 234317 592247 234317 264017
3 263328 916907 400523 232653
3 425698 424520 176518 233478
3 814733 806142 823257 928868
3 471981 544634 37182 315026
3 311041 729356 364821 777444
3 265980 127818 919841 796045
3 51882 316170 944404 115764
1 949713 527
3 134844 983394 419793 511819
3 479610 604004 282600 601666
3 291662 667411 450022 507548
1 382997 118
3 31301 631761 457174 325171
1 851347 290
3 494167 524644 521468 213554
3 869921 781541 710272 964874
1 443184 528
3 571845 802509 885742 614829
3 50910 619982 896081 458485
3 662946 896619 52547 640195
1 357559 989
3 357559 5679 357559 753325
1 678237 995
1 413782 177
1 575437 892
1 756437 965
1 881420 355
3 471401 566568 477586 687385
3 138279 132994 282763 316548
3 973717 68284 189198 753691
3 381763 372173 883565 757773
1 595008 776
1 626161 643
1 790759 554
3 111841 820293 759256 413081
3 633508 596230 939422 342501
3 45862 622301 240538 871170
1 225622 854
3 639982 682851 687274 225898
1 662074 318
1 163825 852
1 748247 21
3 28802 432700 263420 589958
3 923992 265968 708938 346921
3 25305 248763 857077 124309
1 334048 433
1 398106 484
3 202706 302448 483924 457096
3 622443 915835 533283 191574
1 907812 758
3 363660 308282 747469 401804
3 610197 649162 828555 989827
3 608195 449421 294004 640164
3 68347 406419 178572 146890
3 551609 702772 491164 855331
3 653067 136722 903514 536843
1 619870 18
3 619870 344163 619870 906616
1 589029 575
3 594705 831145 176237 277849
1 865858 16
3 881292 710857 912391 283736
3 639325 392980 321532 94051
1 39227 146
3 12850 679041 431814 79314
1 62032 575
3 890506 32027 906928 135437
1 604097 741
3 824658 388794 65374 879922
1 367671 289
3 371407 985085 385438 431218
1 941052 933
3 941052 59104 941052 708712
3 747868 676751 860447 20343
3 266982 946212 537424 850925
3 981414 621531 269755 158801
3 86456 712176 519188 972108
1 91573 986
3 91573 267820 91573 362331
3 646224 382711 815282 982914
3 285992 466181 862202 69096
3 728554 14193 103421 248467
3 626419 219338 86997 756903
1 975393 213
3 321207 130936 459132 101714
3 669484 13252 188555 467290
3 556019 58525 191948 830039
3 369781 967706 48993 183569
3 568630 647436 119791 44506
3 206062 860688 6166 741137
3 863047 833002 778030 520193
1 321132 930
1 429387 60
3 85638 496946 45104 755230
3 442131 195588 156091 114663
1 998021 995
1 239310 505
1 165705 722
1 209224 368
3 721927 149671 101889 61842
1 956470 867
3 956470 902989 956470 425278
1 466299 708
1 552930 229
3 878936 127540 854030 876597
1 4160 322
1 295947 295
3 966244 488157 194370 381159
1 362385 266
3 362385 854934 362385 850392
3 383222 37586 449060 425333
3 562503 595474 488381 428328
1 687395 691
3 687395 87151 687395 518623
1 555014 729
3 555014 177464 555014 26565
3 766091 517358 165385 304388
3 763772 877585 765373 96674
1 857570 179
3 890464 16312 526317 176045
3 371662 629868 8088 437028
3 769265 400923 192969 858455
1 218381 740
1 859264 594
1 173134 167
1 723715 878
3 382534 205313 438437 357626
1 454904 416
1 649435 1000
1 50782 532
1 971905 844
3 172331 331341 155446 317232
3 832677 297202 883298 243399
3 421887 6149 189815 869585
1 395175 802
1 543962 900
1 422528 78
3 117086 503618 90250 369013
3 129256 419451 548669 348478
3 641905 124785 205509 225918
3 621865 696204 448582 769449
3 509458 225230 744 949194
3 183778 82480 123240 735931
3 737094 186034 787965 140884
1 914353 952
3 914353 720813 914353 127423
1 111082 714
3 111082 342504 111082 188946
1 754030 926
3 435054 567281 610344 704137
3 446769 262832 466056 573339
3 582490 338593 618327 738868
1 929340 506
3 929340 904144 929340 533534
3 345327 478458 365675 772348
1 704180 940
3 44825 598283 168210 545640
1 27735 24
1 44510 732
1 385477 314
3 416119 672175 792532 605028
1 187460 282
1 832211 428
3 288745 343888 690668 168073
1 888802 255
3 922652 443917 796149 498276
1 574533 121
1 502501 96
3 502501 756304 502501 602877
3 26104 717090 454018 681083
1 325048 158
3 792135 963645 696751 311909
1 259099 180
1 99111 354
1 614468 772
1 792070 674
3 700978 538233 870779 921736
1 684059 126
3 423672 940891 82995 425414
1 67329 193
1 471465 324
1 19579 779
1 664734 80
1 223376 902
3 235210 935542 634812 389213
1 820369 226
3 688498 565615 274134 292449
3 772635 686677 880812 260921
1 894198 224
3 408019 772428 112487 563470
1 825966 465
3 825966 489942 825966 889808
1 741519 445
3 187972 467571 403550 212128
3 272597 123430 822640 477002
3 882229 397608 859296 944338
1 941830 870
1 166025 834
3 304484 704207 893927 491398
3 496006 884647 768661 845893
1 364822 383
1 148043 180
3 148043 66288 148043 187326
1 978187 497
3 978187 499683 978187 885490
3 215336 636445 155394 589299
1 383292 386
1 504904 334
1 358899 320
3 734770 641380 241096 618769
3 72096 90095 524790 302097
1 997177 712
1 374202 985
1 261136 776
3 706139 509315 898336 289115
1 282198 768
3 178265 946277 109288 893372
3 422122 656039 111323 587797
3 563308 622980 414659 12804
3 570911 778452 809178 175939
1 677164 127
3 294313 889430 723439 566657
1 532176 51
3 844668 94961 161194 751036
1 622906 278
3 186973 933094 554558 415457
1 152455 531
1 77801 713
3 306808 799840 806500 484633
3 845214 359367 315210 644052
1 144591 829
1 333587 142
1 360587 649
3 377581 743933 217927 639880
3 707671 695492 107761 717550
3 132357 760944 105453 997554
1 810597 66
3 810597 336180 810597 801508
3 15455 261999 305944 709398
3 942944 282806 839171 233265
1 289752 544
1 189021 944
1 427161 179
3 427161 627544 427161 22428
3 667902 499630 76439 507320
3 213707 720785 299880 950771
3 488268 675551 232383 398433
1 7025 863
1 563805 709
3 92596 661999 871125 317662
1 5479 585
3 987017 63158 242509 472460
3 149517 645305 13066 140614
1 999927 49
3 684257 925083 779732 743431
3 326976 839499 425709 695532
1 962584 527
1 938273 767
1 630505 179
1 683311 129
1 600737 649
3 959280 186207 959064 205716
3 165202 771340 86128 736062
3 448119 519089 919781 758059
1 479350 466
3 611933 13933 315094 821234
3 394410 775708 845514 230667
3 923584 626907 951996 959532
3 815535 249012 22917 976838
3 432320 804349 832865 117566
1 148666 589
1 6790 156
1 198776 975
1 333297 972
1 166768 727
1 885728 356
1 402059 265
3 344698 229399 299285 13475
3 108292 857830 735143 974219
3 780516 477385 311974 577554
1 160367 605
1 732230 901
1 574976 233
1 107885 474
1 261746 871
1 14802 69
1 22101 286
3 432740 302498 773766 10586
1 469462 495
1 286111 108
1 466218 593
3 535581 486855 447846 151047
1 632082 182
1 266418 402
3 848 421926 973883 218959
3 916333 272297 655226 45952
1 434509 410
3 709121 742086 830492 618637
1 447670 876
3 554989 96011 695758 237182
3 931607 304252 835561 775796
1 824256 443
1 983832 585
3 983832 184376 983832 175585
1 141339 675
1 427886 326
3 48893 24485 644611 710842
1 192267 422
1 229157 350
1 685197 131
3 685197 275446 685197 878561
3 410813 758384 929021 525516
3 952768 170838 808326 39066
3 941967 367882 410026 392507
3 41766 267105 905273 404532
3 269711 16478 145170 568869
1 279814 46
1 405090 120
3 260574 917158 285486 45268
3 561780 837542 270701 795333
3 628856 817572 14190 152783
1 426029 317
3 82649 984214 854167 415894
1 675499 639
3 675499 377553 675499 753153
3 576656 846215 732101 55999
3 466825 192298 304681 2862
1 950888 327
1 772662 385
1 338302 244
1 90399 400
1 64326 420
1 552980 234
3 307205 621450 387048 109398
1 149137 308
3 537539 543388 677985 761922
3 569107 54744 556561 329834
3 119473 977138 581160 248030
1 364884 672
1 431997 394
1 168921 674
1 203876 415
3 346782 921521 899721 487039
3 741886 858189 364760 556268
3 547964 579501 224739 665637
1 995837 457
1 321966 715
1 965231 859
3 62374 725961 699317 16342
3 53226 950834 797009 396286
3 669604 208800 634953 633760
3 704024 172807 223667 862209
1 150865 274
1 7238 13
3 742946 900294 987276 133507
1 785510 730
1 304363 96
3 581369 328612 581262 770445
1 280635 934
1 644582 881
3 753672 712512 285698 650090
1 266195 563
1 979197 152
3 111852 554306 736840 338714
1 833917 818
3 846230 576298 181716 599849
3 945355 931189 123357 547148
3 476515 306912 975795 173608
1 608453 349
1 261242 516
3 763038 46608 345258 287067
3 925565 568939 364711 794576
3 695354 285784 315131 985209
1 545302 838
3 821898 327825 195280 482366
1 117733 607
3 194520 29417 464724 677634
1 254715 582
3 254715 732606 254715 659828
1 387396 816
3 937069 404389 767213 669699
3 508416 192526 82708 551890
1 171660 65
3 265972 479217 986629 960331
1 650020 140
1 576783 665
3 305443 88634 425303 596123
1 763271 426
3 736463 646312 639031 759984
1 857806 209
1 428987 319
1 252336 250
1 49447 96
3 778848 16429 157786 446311
1 275851 708
1 605594 715
1 238149 115
1 898428 488
3 545642 911522 546903 138030
1 430368 943
3 623650 92285 75896 128470
1 15699 449
3 581120 101928 230073 788613
3 931639 989884 232304 464171
3 167585 569188 457909 111658
1 122170 351
3 211990 850276 915689 735316
1 646955 297
3 646955 735901 646955 851242
1 37896 378
3 205995 948116 978639 679706
1 576363 834
1 106882 156
3 106882 662184 106882 276111
1 582157 883
1 179437 837
1 656745 111
3 482672 911243 928171 366082
3 984908 855448 206639 93064
1 516095 3
1 813260 27
3 619486 114773 623399 58441
1 628917 992
3 591718 693842 25494 998101
3 645717 485253 666100 603660
1 914304 700
3 871665 305659 601763 449314
1 871211 803
1 792641 516
3 298992 641530 283144 626301
3 869051 461226 684480 568579
3 533954 473660 495077 331384
3 554307 39889 523495 757973
1 332899 406
3 332899 453795 332899 942517
1 92673 362
1 199144 357
3 196373 125931 397886 362094
1 532720 967
3 532720 492074 532720 263681
1 38834 561
3 927471 403086 311114 638916
1 86069 403
1 339160 53
1 942520 5
3 931542 71385 961839 791800
1 769247 783
1 805224 611
3 801155 151475 714281 431811
3 912468 653661 905296 406321
3 767938 638197 692233 15391
1 861277 541
3 861277 526985 861277 673566
1 667027 495
1 720498 172
1 715792 533
1 275085 29
3 190909 364748 30759 954212
3 438982 23559 154922 993339
3 483182 281206 77642 198936
1 643312 175
1 438908 89
1 156739 194
3 785563 437046 850134 67336
1 699431 668
3 168055 47161 707457 171786
1 442068 540
3 68155 640226 590925 469132
1 16648 873
3 977714 916673 549731 107926
3 938583 770540 679127 538840
3 642808 961482 38608 236855
1 729405 735
1 70117 29
1 847842 422
1 854141 233
3 854141 42741 854141 238937
