2000
2 512563 709
1 104025 242
2 568490 827
2 553047 335
1 340704 790
3 984480 134153 487611 112862
2 720754 900
2 682477 940
1 86950 484
2 389580 506
2 543387 565
1 646940 825
2 41177 533
2 757728 826
1 14135 481
3 734669 471112 784607 655158
2 174743 604
2 571710 255
1 777549 718
3 658059 760268 562652 545802
1 112891 587
2 289224 205
3 122093 77213 631764 508401
2 246795 674
3 577482 1334 102600 206806
2 57107 814
1 639540 85
2 214694 442
2 898053 891
1 967672 771
1 887783 834
2 944295 31
3 200891 810608 778340 509855
1 888377 180
2 172822 606
3 24883 165263 221237 522162
1 102457 968
1 878477 693
2 760688 647
1 238148 122
1 759465 11
1 969489 478
1 254428 781
1 254414 394
3 140203 675237 260186 657421
3 848691 166372 154614 541028
1 865283 313
2 256186 712
3 742357 503677 359512 1859
1 455700 755
2 432907 173
2 633150 981
2 830475 532
2 25445 10
2 832925 681
2 520587 290
1 160577 198
1 189004 256
3 846454 358045 463198 671929
3 831134 398578 410670 895533
1 962665 352
3 212756 670009 897107 171677
1 603796 359
3 278172 616325 156293 680697
1 60767 911
1 549724 36
1 982866 899
3 324199 862472 546071 899367
2 148353 717
2 572331 218
3 568781 632766 219731 598637
3 787343 490093 222192 607648
1 418361 864
3 874031 730342 453476 197055
1 397456 150
2 421276 82
2 429309 854
3 36538 895849 869497 513500
3 493800 684838 39352 678805
3 936641 792672 792689 552516
3 932819 861605 889102 756088
2 200891 751
3 940172 582508 819144 859342
1 477755 78
2 920097 835
1 311867 743
2 666560 122
3 723954 508612 215288 278138
2 297104 750
1 493240 779
2 617403 258
3 728656 44864 251318 882931
2 890477 795
1 653785 404
1 15721 926
3 756140 921481 340362 913938
2 292088 231
1 586312 755
3 638351 77332 821221 437432
1 248343 686
2 515712 954
1 909262 347
2 829403 833
1 768611 710
2 982144 864
1 261418 741
3 261418 772664 261418 692696
2 318196 786
2 680316 801
3 578018 727890 317253 514184
3 155762 675323 184528 276701
2 834429 277
1 752193 536
3 886345 897200 85392 183710
3 698465 850629 227059 240861
3 192762 465483 587775 159966
3 927194 599161 240543 171442
2 697846 410
2 328346 564
2 598456 794
2 101701 687
3 231356 101701 853536 101701
3 286686 720981 361465 216766
1 242056 698
2 587808 374
1 787171 118
3 288981 796935 423058 298867
2 29850 750
2 608951 255
2 683970 156
3 252170 990118 766754 839590
1 686066 43
2 923607 709
1 857267 559
3 883258 269347 377049 360577
2 268180 477
3 287502 592847 765366 68833
2 242054 957
2 109216 63
2 267101 631
3 267025 12903 461193 598471
3 596410 461770 361249 422106
2 22222 829
1 36225 369
2 187948 864
1 396641 316
3 17773 959470 823980 186060
2 124774 528
2 737419 196
3 853702 831740 24001 561108
3 123146 465820 384549 892546
1 680603 87
2 527570 957
2 562320 800
2 53909 441
3 829633 53909 445945 53909
3 985207 120436 601815 535434
3 914098 534956 389689 796405
3 709540 74613 893137 156211
1 100234 105
2 906095 887
3 830025 249613 655176 73980
3 858033 775501 966978 709888
2 819331 161
1 967225 885
1 975940 976
3 844462 126792 207905 449139
2 348108 830
3 92423 348108 235510 348108
3 368775 362126 395012 522360
3 694053 830007 147746 447663
1 706812 426
3 885079 305159 870923 277148
2 864287 989
3 191344 158243 371103 988199
3 178444 631866 595266 812985
3 371324 514128 240336 303926
3 209714 934545 137784 260310
1 426144 501
3 426144 953455 426144 177216
2 719432 287
1 244752 666
1 329700 149
2 408145 238
1 783801 653
2 484254 192
2 354306 423
1 183807 720
2 970433 395
1 628634 427
2 207251 695
3 660936 207251 676508 207251
2 613032 952
1 675757 196
2 766307 503
1 286354 374
1 467293 971
3 303753 516405 683149 762738
2 452532 842
3 111679 452532 246025 452532
1 989092 4
3 797529 649687 115464 617528
3 994455 626979 266053 658010
3 987774 351307 847512 82497
1 651740 46
2 739797 59
3 283160 939558 166534 957977
1 369204 851
2 320609 179
2 966346 759
2 556135 87
3 519869 163686 989891 72178
2 864399 367
3 149789 920489 813382 77241
2 882489 889
2 877182 947
1 17279 991
2 955272 408
3 980145 955272 129581 955272
2 928152 585
2 151635 59
1 517713 665
1 637946 2
3 834865 209439 49000 455762
2 555832 485
3 693750 526864 263314 270044
2 332150 135
1 216679 412
2 841352 55
3 491268 841352 758536 841352
1 47689 489
1 946816 854
3 266622 440562 519406 820465
2 38998 806
2 574012 707
1 662048 170
2 786383 237
2 912043 55
2 419357 682
3 258198 49471 691129 101732
3 816973 315892 698514 815493
3 448193 34852 444915 860877
1 315844 591
3 459607 955532 993861 836791
2 597160 981
1 924896 264
3 19900 949794 285094 595273
3 941599 157183 564535 952589
3 614123 207404 286815 135484
1 546209 851
1 515885 953
2 868450 379
2 39360 274
2 971706 915
3 269791 126196 397010 42493
1 151019 462
1 712528 15
3 782981 42744 854136 166150
1 12903 244
3 12903 738651 12903 100424
3 694532 656321 486768 862704
2 860517 717
2 625170 26
2 514657 333
3 438372 171443 795612 497012
2 180588 256
1 559294 520
3 565119 21607 154676 645082
2 427778 96
3 558995 164663 386422 964439
1 793322 857
2 266934 878
2 529896 77
1 116648 108
2 295601 287
1 215284 439
2 848101 210
1 911346 522
3 250166 995609 56564 548494
2 356464 424
1 555019 892
2 274271 376
3 555704 144765 980085 406979
2 577680 483
3 405207 101236 519334 373260
2 964819 598
3 800270 288339 208356 202821
2 968633 923
1 898367 159
2 681491 31
2 272936 935
1 893319 701
1 870764 954
3 319862 212351 28023 168989
2 990764 409
3 874507 360554 400415 422040
2 770164 924
1 598651 53
1 990005 114
2 310271 569
3 720223 50946 459898 33965
1 172262 211
1 40424 754
1 497980 330
3 260170 114511 654794 34541
2 791063 400
3 54325 791063 471659 791063
2 473747 45
2 654263 853
2 74253 247
1 656378 691
3 843898 995212 670465 437899
1 702618 331
2 16911 697
3 849974 255040 282885 574728
2 1831 267
1 276459 270
3 547111 542929 25841 567029
1 849131 768
1 331622 390
2 34547 956
2 931987 473
3 586896 581722 618422 858062
2 338560 868
3 43477 126818 59165 726767
1 488584 334
1 579814 612
1 621779 721
3 156453 156972 531797 325605
1 864219 645
2 332126 186
3 822306 779429 856736 31471
2 385426 841
1 395295 232
1 981652 319
3 526454 556528 538274 39068
1 543900 481
3 2017 212763 560898 949736
2 155306 53
1 600967 547
3 866215 21082 331991 644269
3 167795 769060 311116 885541
3 823119 55023 779284 957623
3 350886 179151 760592 294040
3 96569 767901 526795 617375
1 584064 646
2 273602 930
2 179399 112
2 878873 940
1 433874 242
2 842085 350
2 882405 47
2 763972 617
2 928967 226
2 874332 275
1 838196 75
2 139891 309
3 97169 631565 354122 231304
3 319837 133384 483134 72393
2 740940 782
1 569141 330
1 130363 817
3 847024 859211 888824 445895
2 532275 895
2 601644 230
2 408483 470
3 546243 215227 235239 387913
2 719860 553
3 637830 634980 177596 336615
1 313453 546
2 708479 795
2 63095 339
3 344990 906248 821446 923430
1 185116 492
2 217830 130
1 172352 226
2 121649 913
2 163665 668
2 22884 157
2 959085 851
3 963574 478406 326481 94213
3 703967 966893 537903 597736
2 140786 875
2 154188 49
3 446087 425315 352386 637735
1 440965 983
3 440965 764029 440965 597448
3 974236 890134 288095 776264
1 799472 168
2 667846 539
3 523312 774392 210140 201321
3 176261 194610 880456 907635
3 460286 554225 702212 436503
2 605282 7
2 502291 630
3 975915 369042 616669 963905
3 684265 173153 407276 165425
1 353031 135
3 353031 888392 353031 621321
3 467742 152138 965661 393809
1 173040 81
2 246068 163
1 660798 43
1 206055 229
3 458840 909559 318088 596849
1 327835 445
1 907838 881
2 511924 443
1 345794 553
1 225013 953
2 700213 336
3 793381 293211 772275 510232
2 555022 520
2 998126 751
1 461851 346
2 706384 485
3 1399 706384 703131 706384
3 171057 600231 140733 81915
2 433666 68
2 862426 795
2 184761 651
1 293178 389
1 538112 826
3 538112 85448 538112 771548
1 220896 660
1 733088 417
3 89809 42268 261877 510374
2 708603 514
3 67749 377828 941301 76422
2 885197 703
1 818565 320
3 818565 344391 818565 50047
1 830105 186
3 549854 685249 847009 224275
3 878996 424592 834989 547604
3 317335 690052 475578 248075
2 89426 887
3 145975 859307 339307 515354
1 334539 986
1 505528 59
3 505528 503849 505528 122251
1 959822 702
3 878885 747947 172603 865616
1 185467 403
1 815109 647
3 164684 53071 160722 253053
2 623808 879
3 192832 871115 902764 522542
3 607071 79782 599003 550936
1 955751 429
3 117166 294135 381879 241759
2 426035 239
1 237138 583
2 907842 832
2 468604 248
2 724501 517
3 755993 724501 401967 724501
2 41248 3
1 963081 558
2 152299 323
1 450930 164
3 765897 295896 990107 148700
3 802497 838438 510902 222581
1 881709 846
3 424277 199626 745194 483486
2 479814 237
3 121222 479814 20245 479814
2 179912 270
1 878193 698
1 482566 203
3 482566 561324 482566 469775
2 956271 253
1 857203 68
1 388197 44
2 754301 508
1 207316 863
2 154831 546
2 377622 779
1 529695 529
3 79844 483852 380508 642932
1 503883 268
3 503883 997254 503883 171398
3 681846 906370 420438 301086
1 214357 484
1 488187 253
1 225654 751
1 103627 387
1 905597 962
1 230743 282
3 166276 66412 172061 350631
2 427254 907
1 588942 667
3 655752 676957 979272 377135
1 868450 756
3 868450 387821 868450 582506
3 753704 562487 63028 79530
2 626040 41
1 803119 463
2 106460 796
3 779152 602067 219574 902768
3 814341 100784 54629 783351
3 332512 663234 135522 299695
2 422052 775
3 198468 122264 380150 812104
2 757927 624
1 309031 623
2 751945 288
1 94906 564
3 94906 378685 94906 845027
3 416539 235553 778969 483521
3 274347 582390 896999 798746
2 581788 297
2 181216 383
2 303877 251
3 768207 454829 24015 178537
3 685267 800799 514758 226391
2 156106 777
3 106416 560491 765037 698367
1 281253 884
3 470248 226904 473570 720490
2 506497 51
3 288541 506497 790079 506497
2 243584 584
3 164625 222910 145824 697924
2 666269 336
3 920598 591696 28287 338223
2 119771 280
2 245961 749
1 543536 522
2 102254 705
2 898494 731
1 130124 232
2 174488 342
3 210102 174488 818236 174488
2 424354 161
3 469969 949783 72916 247323
1 903622 655
2 615732 283
2 591606 588
1 801796 682
1 760765 615
2 722558 637
1 347547 115
2 559317 275
3 916529 859137 863025 17896
2 321934 236
1 576002 225
2 654084 655
2 894095 578
1 609519 516
1 579391 841
2 13207 794
2 113175 581
1 561458 774
3 833944 468184 309409 694918
1 250079 627
3 609826 431920 7795 830964
1 95493 415
2 138454 876
1 914849 110
1 831382 110
3 474697 635211 248860 842220
2 75038 247
3 178228 75038 216805 75038
3 907610 996899 268507 943297
2 282416 145
1 801463 481
1 388865 112
1 691738 980
3 568410 457667 825291 997601
2 993363 803
1 766554 23
2 427705 510
1 274933 865
2 115300 719
1 696623 522
3 122860 662470 727462 859082
1 602055 922
3 475585 354117 253137 576160
1 537693 257
3 286935 260312 586177 600841
2 519615 386
2 713790 471
3 188747 460684 231229 763121
3 859191 201015 115579 248448
2 602246 871
2 888841 294
3 839249 235978 731184 138410
2 819665 874
2 696700 696
3 508473 934723 439330 306876
2 729236 707
1 504257 520
2 120652 933
2 919500 459
3 241707 45745 474121 203891
3 637661 104611 380927 597731
2 425448 257
1 947939 252
3 828258 749360 654437 501436
2 535821 420
1 689451 128
1 379821 8
1 250570 74
2 196264 42
3 676977 809448 91493 614988
3 255969 687458 33531 232200
3 794680 506159 191844 49350
1 547057 838
2 538669 98
1 428388 790
2 310956 927
2 816197 900
3 43491 667428 180475 277147
3 616884 569419 119238 562018
1 226879 538
2 695618 860
2 956418 579
1 427887 382
2 214084 486
2 371615 823
2 702495 194
3 65263 64319 841300 880759
2 349588 801
3 930968 298069 448873 732691
3 564503 806707 588928 845458
3 711584 464027 675578 693722
1 532399 226
2 367168 416
2 78619 529
2 364482 151
2 321806 121
1 386603 141
1 686193 354
3 655534 665657 873960 594323
1 525501 556
1 69492 216
1 246983 412
3 961000 423916 159118 813880
2 248088 830
3 572007 734618 943833 231026
2 334125 524
1 282427 708
1 354528 531
3 871872 140203 593748 477052
3 317670 974881 542121 440652
2 939268 704
2 463957 536
3 626712 974075 286483 378852
2 571323 613
3 149504 763020 167348 415547
3 606127 614666 972137 974409
2 95412 505
2 967595 784
2 352931 727
1 595799 789
1 829361 836
1 96930 498
2 233396 583
1 952967 901
2 253293 846
2 183615 197
2 473749 18
1 425423 688
3 387184 515278 194686 660409
2 944766 452
3 763879 311322 168676 436096
3 733952 393154 391225 561428
3 342655 517109 350579 765185
1 399352 193
1 300105 384
3 465165 192211 439235 211041
2 121773 669
1 824260 69
2 105623 561
1 576060 681
2 615626 534
1 283527 704
2 49735 281
1 202686 942
3 313187 646290 899246 531217
1 381204 543
3 456117 26037 628816 533235
1 547054 317
3 601881 90908 788624 581731
1 495066 87
1 711141 439
3 711141 695493 711141 950168
1 464784 449
3 346118 168781 798286 232272
3 873299 501717 964995 893478
3 856586 436293 747184 388819
1 25260 968
3 640326 56995 392827 280970
3 934653 494931 529997 641014
3 446003 123394 213188 326699
2 142568 291
3 707321 810216 981734 926267
2 993573 883
1 27497 831
3 767799 39038 115364 244442
3 630658 201124 560398 821161
3 764616 481550 707986 588735
1 905815 948
2 20227 897
3 49078 790053 483049 861965
3 262425 860410 910383 136366
1 334711 53
1 991453 374
1 779535 489
1 73587 186
3 73587 309219 73587 558410
1 580127 599
3 499815 999426 192278 993567
3 658200 775651 213607 972448
2 323507 445
2 443989 607
3 639619 86315 872049 479536
1 584273 685
1 458415 55
2 284184 703
3 103174 284184 389600 284184
1 821737 810
3 368290 431959 869740 475442
2 195643 342
2 257387 719
1 967312 301
1 909591 274
2 59164 323
3 831554 661629 589299 245447
2 861295 657
3 784141 390068 956055 772097
3 463567 400824 776902 501595
1 835130 189
2 76181 972
2 780948 616
2 720552 515
1 693288 674
3 765565 193334 58399 308348
2 859918 216
2 190923 150
1 570648 251
3 570648 391887 570648 487596
2 205062 88
2 114166 278
2 569487 32
2 295126 744
3 321822 299391 13096 925915
1 762102 425
2 338814 895
2 575267 188
3 379297 463361 715330 903214
1 747428 595
1 448317 599
2 880724 915
2 479965 668
3 543447 945400 914183 689492
2 357549 216
1 762658 183
2 208453 482
1 710043 780
1 650784 762
1 921691 388
3 836312 723428 506130 230760
2 450404 554
3 784738 393735 845866 840858
2 528024 285
2 864837 6
3 113664 764572 105916 144772
1 890940 263
1 587688 686
3 920567 32077 2565 940755
1 807614 819
1 782179 285
3 215713 952440 303111 577856
3 585986 431733 832951 699327
1 672892 191
3 285815 713819 266485 432720
3 122888 55636 213656 709031
3 503510 81569 477391 456443
3 909342 37401 491917 376297
3 715277 376542 758685 340938
3 290635 647808 676464 840520
1 763394 216
2 606455 507
3 854327 680239 797899 386225
1 81852 700
2 596240 852
1 740575 779
1 477065 853
3 222056 596375 542382 201658
1 853776 370
1 848914 339
1 353177 316
3 835055 154628 67831 939313
1 282638 39
3 516612 185476 496341 145785
3 938536 459639 255984 931640
3 168581 923590 849640 832193
1 625706 882
1 196396 455
1 83464 980
1 89877 962
1 447698 299
2 573502 369
2 922041 879
3 563098 49889 325346 750227
2 197410 762
2 392163 166
2 784034 211
3 448353 548114 824914 734242
3 593435 458938 103903 619999
2 440233 23
2 806693 526
2 725341 300
3 861717 831156 264138 377399
1 501578 788
3 501578 458203 501578 685822
3 90807 240890 575912 263251
3 347268 790488 200125 519474
2 406867 919
2 932514 829
2 884782 880
2 870653 214
2 138441 233
2 493752 369
3 331039 512132 419615 197035
1 550010 72
1 531097 356
1 409237 624
1 550325 530
2 794196 837
1 150975 684
3 97393 617881 954489 76685
2 540992 29
3 317541 167150 45950 562700
1 326842 911
1 826386 835
1 633900 253
2 208612 251
2 844450 777
3 942680 844450 205363 844450
1 476432 224
1 130113 486
3 266786 673151 478372 775039
1 588479 246
1 925049 438
3 385485 976245 793030 578666
2 484834 627
1 44636 496
2 782709 535
1 958806 971
2 670427 454
1 388530 328
1 12614 498
3 895738 564725 468269 599739
2 190687 849
1 411456 572
2 391149 680
3 952088 746279 306021 969630
3 286888 334420 682822 278838
1 471348 258
3 617765 684986 994892 4515
2 94113 898
1 322287 764
3 478569 57543 810921 989034
2 20515 948
2 401538 36
3 357615 325604 196898 177125
1 24586 151
2 354750 695
2 838511 94
1 242506 616
1 592787 781
2 73225 848
3 586474 824324 876179 530299
1 708698 985
3 130925 113860 604033 553497
2 948523 907
3 312892 286882 749726 30038
3 574614 352741 563139 824489
1 239165 846
3 239165 504447 239165 754168
1 492100 788
3 602163 469390 862372 802091
2 863663 39
3 894044 907164 785949 940802
3 434285 545815 82162 464655
3 226378 545031 788563 168671
3 140807 462965 183352 47315
1 669623 42
2 623600 358
1 746718 260
3 746718 393580 746718 846508
1 752343 414
1 684097 635
1 846234 617
3 281681 588956 348593 298141
2 403651 671
2 828412 339
3 17436 828412 525224 828412
3 326907 976655 257475 264659
1 228317 337
1 810508 72
1 193229 945
1 53840 16
1 183666 694
2 963427 15
3 169010 768478 41446 629207
2 843390 804
2 642373 203
1 432089 344
2 534980 414
2 542763 160
3 615081 736193 686452 898258
1 416819 93
3 400562 157543 550631 510687
3 806001 103379 349327 397316
3 8644 512446 487718 27870
1 478408 671
2 937618 894
3 112188 394665 378932 870818
3 87485 887756 244014 139793
1 172203 479
1 249135 981
3 663588 972232 346250 287701
2 678202 844
2 189320 971
1 972042 918
2 744216 333
1 649855 604
3 262369 418524 608825 575090
3 349500 453815 28681 134977
1 517974 291
2 510975 115
2 251467 236
3 832294 486467 308851 280280
1 435824 947
2 966308 662
2 442288 597
1 544568 24
1 898540 601
1 234478 678
1 719641 110
2 157190 629
3 475041 808995 190586 981936
3 545358 325355 944631 611635
2 520473 818
3 933759 887482 556587 680375
2 931080 392
3 861090 481025 712723 882804
1 27585 181
3 626198 880829 207746 816385
1 587574 454
3 587574 933342 587574 200509
2 955540 815
2 959789 648
2 2599 746
2 668076 713
3 948504 587355 474790 739144
3 604263 667333 914625 267880
2 977437 181
1 130411 147
1 92387 609
2 418254 881
1 233263 452
1 409552 2
3 282856 996002 117141 271538
2 174861 485
1 953195 667
2 802767 349
2 414137 944
1 517558 138
1 547641 186
1 448159 163
1 206074 969
1 330181 614
3 193396 38628 988692 702642
1 4801 667
1 167751 875
3 194646 161124 719965 585979
3 752032 74752 280562 314861
1 310182 573
3 577342 97494 368315 526754
2 110422 544
3 314696 999922 727171 355932
3 797359 22662 99105 516100
1 996522 986
1 776136 384
3 776136 221566 776136 877647
1 399562 802
3 918356 655941 41784 721451
2 231420 106
1 158944 32
1 888326 899
3 138694 156833 127680 159272
2 186557 953
3 526920 196457 260730 720993
2 5574 451
3 661731 5574 806651 5574
1 370976 611
3 847181 381319 469675 288758
3 515874 620205 896329 133545
3 775892 652575 695528 647619
2 301459 109
3 402766 89728 418474 218486
3 206500 560203 798356 957208
2 700601 781
1 425405 42
3 747657 966027 953505 151796
3 680928 276456 964100 593218
2 927813 681
1 920386 277
2 273712 57
3 562535 508870 395008 333527
2 987335 226
3 501187 765328 810723 883843
1 334113 452
1 607691 931
2 233666 780
3 485608 286991 734620 494262
1 848956 148
1 399366 837
1 667372 140
1 297232 263
3 915239 7762 383812 583826
1 44695 101
2 382175 804
3 662638 835529 232833 447674
1 67677 139
2 135528 27
2 447157 687
3 523395 447157 465190 447157
1 314157 873
1 553420 404
1 362437 665
2 389022 575
1 746917 434
2 49036 56
1 532154 150
3 515397 750242 123558 46119
2 556261 783
2 784613 320
2 5981 733
3 746111 461904 640059 531124
2 168547 375
3 372172 384815 55790 159127
2 262532 515
1 690206 80
1 892232 740
2 544557 663
2 546007 902
1 528211 146
3 27529 386146 879538 646225
2 455288 764
3 533333 98920 282708 576035
3 640236 506035 917539 761643
2 826268 655
2 446708 457
1 781848 38
3 621107 391536 432581 392987
3 869228 521955 596162 118968
3 35440 35726 982853 556267
2 464071 794
2 438636 257
1 93456 969
1 914328 411
1 114316 553
2 613965 189
1 848518 519
3 461930 763333 588643 947435
3 35806 235422 390693 847103
2 56236 893
2 550628 296
2 980969 206
2 319924 954
2 412863 449
2 554932 939
3 793644 585920 882277 115552
2 459815 291
1 960711 57
3 960711 806986 960711 125415
2 696982 606
2 808946 848
3 974073 808946 866631 808946
3 842271 632223 19723 963967
1 391092 112
2 208791 26
3 616674 84469 711146 234750
2 313107 908
3 797192 313107 764121 313107
3 821255 153347 222273 641653
1 636287 171
2 601454 191
3 141752 601454 925622 601454
3 478403 967732 91125 886823
3 867165 992983 365026 79203
1 89118 298
2 512353 290
2 470279 204
2 239556 228
2 598311 668
2 59022 480
2 859739 873
3 287446 671058 862680 323870
1 278080 728
3 933872 681364 938216 242872
1 273661 767
1 218960 658
2 404149 44
2 201639 825
3 226079 615921 879391 184828
3 285879 570615 755268 737058
2 757669 999
2 537028 687
2 570097 882
3 466770 145818 502972 11633
2 550811 153
1 556538 814
2 377605 605
2 194810 528
3 856055 194810 512274 194810
2 260315 445
3 859157 663120 855574 100674
1 676674 186
1 960030 795
3 914454 541588 498475 962274
1 86244 534
3 183695 309219 504914 136403
3 906316 200363 812657 76429
1 848006 376
3 644032 672903 735867 725700
1 892963 578
3 892963 716305 892963 475405
1 853470 881
1 100643 56
2 153767 429
3 166034 526848 52780 30486
2 775817 600
3 720946 942752 67583 948111
1 482794 514
3 122074 215263 813220 265332
1 482974 90
2 462494 280
3 373154 462494 507816 462494
3 940732 569385 241805 171819
1 211380 106
3 588439 731047 845628 225509
3 241369 554721 462114 242216
3 658994 845061 419462 415333
2 375319 604
2 940783 185
2 790989 853
1 669364 983
1 6432 480
2 897936 76
1 373518 175
3 302150 707208 881628 419941
3 609522 968379 227074 342248
1 64472 802
1 108567 1000
3 608771 130051 8392 451632
1 113980 776
1 369257 303
1 820061 705
2 526528 334
3 10115 30400 142190 349598
3 845712 88682 303682 457860
2 964091 705
1 988147 399
2 76611 650
3 560459 624121 343175 288350
2 547874 432
1 53491 729
2 211123 399
2 60052 879
1 748257 49
2 867389 839
3 581550 969542 909182 532678
2 958929 734
1 659345 815
3 670757 497431 323783 522996
2 976148 221
3 38903 440524 426836 538308
1 745567 348
3 519473 987299 50077 438549
1 75191 429
2 827374 402
2 129522 47
1 136622 108
3 412115 69021 896466 143455
3 488763 519087 955512 10503
2 455628 154
2 725317 960
2 422149 549
2 676622 587
1 675026 753
2 790333 780
3 843617 197973 615232 189456
3 891803 235440 371254 491387
1 147884 429
3 503225 551371 944351 664795
1 249872 731
3 123978 991858 203860 713538
2 402631 585
3 103237 359706 831694 882975
1 104208 692
2 933049 240
3 488811 313582 998536 610870
3 354900 542180 486996 425796
3 43347 491484 161586 458913
2 116239 677
3 941332 531395 213465 182435
2 421520 249
1 888785 396
1 650967 247
1 566807 288
3 241195 39557 845498 430649
1 633584 209
1 957670 458
3 957670 110543 957670 343788
1 827608 464
2 630287 760
3 401771 630287 335539 630287
3 248625 874656 625923 859596
1 762110 550
1 593896 197
3 130685 171338 892154 405408
2 90368 473
1 803762 282
3 798691 176413 237354 48759
3 964892 950140 190662 780746
1 156873 11
1 554700 394
2 9475 223
1 603134 481
3 603134 199018 603134 416459
2 644174 904
2 890378 49
1 202238 865
1 599963 522
3 113564 929799 786046 339277
1 405207 595
3 129763 662772 482642 666252
2 984436 366
3 286516 984436 698835 984436
2 906334 696
2 540836 823
3 672873 931248 10078 427752
2 998639 252
2 253691 669
2 510489 252
2 792384 576
3 557400 34600 47076 694171
1 581142 1
3 299532 248932 268575 749722
3 501633 108005 885634 683697
1 927524 889
1 783814 92
2 130373 566
2 757027 973
1 886332 682
1 313076 391
3 404115 406265 185022 83975
3 438277 418965 615035 118125
3 353549 555671 894878 42729
2 586033 346
1 240939 140
1 563564 812
2 39301 719
3 58822 39301 736465 39301
1 903430 936
1 303051 205
3 756393 504258 511693 131385
2 205055 14
3 746695 407433 168363 971631
2 933268 75
2 955701 450
2 397812 63
1 579312 493
2 823917 694
2 7757 146
3 619596 442365 87281 443983
1 790444 59
3 624336 91808 47360 411633
1 930072 21
3 169405 256504 461207 658926
3 876237 694265 318714 474591
2 303768 179
3 916685 452446 135453 422119
2 458638 395
2 18005 509
3 840583 512761 30561 104907
1 385222 675
3 903313 695539 583742 535794
2 483175 406
3 871124 390141 775948 201962
3 710690 792811 711087 859617
3 210835 981919 739875 84779
2 499306 906
2 878143 503
2 135951 463
2 96803 868
2 25671 13
1 642593 649
3 590904 419938 939648 380802
2 926280 595
1 4757 588
2 332213 294
3 806739 793684 994743 955439
3 519413 252925 140696 235806
3 474942 912677 638746 113352
3 611359 145890 758387 965577
3 623867 529506 111346 164482
3 761743 554211 774553 126012
2 325604 454
3 730952 768750 142614 199559
2 731826 917
3 165351 189882 830595 299680
1 686033 542
3 556979 989682 261288 11218
1 686834 241
2 564151 130
2 578820 331
3 204225 76063 18386 247379
3 614454 975639 144728 71809
2 239205 438
3 107259 239205 47668 239205
1 35266 197
3 210331 888861 169762 178966
1 532778 26
3 248639 64856 452892 765881
2 968365 57
1 899911 525
2 391747 974
1 620 224
2 269690 591
1 11821 675
2 497440 919
3 806589 497440 234364 497440
1 564062 522
2 424103 184
1 838231 989
2 333866 229
1 279058 734
2 148302 232
2 629628 383
3 707301 101636 303634 135631
1 594239 189
1 262217 582
1 565943 331
3 565943 864150 565943 813938
3 356575 819813 248235 747331
2 603081 971
2 801908 32
1 331493 462
2 920629 290
3 788923 769121 523171 87292
1 315514 650
3 346807 858799 745474 756957
3 199996 907005 835713 737028
1 220698 837
2 190567 695
1 767000 308
1 179957 751
2 420583 306
3 571445 736097 265374 356276
2 84157 343
3 736586 832937 91058 115515
3 693594 342203 581374 713709
3 682202 835191 574532 743828
2 994976 100
3 381174 37225 540982 892123
2 351109 241
2 500253 788
2 274543 172
3 94899 274543 490366 274543
3 398157 782054 407552 120340
2 893774 326
3 538822 893774 810526 893774
3 603008 553041 436608 642597
3 239779 528342 403377 468637
3 967330 719554 247794 742091
2 995154 853
2 914513 444
3 389862 914513 529945 914513
2 251301 951
1 804896 734
2 82529 454
2 676297 145
2 286900 803
2 381859 269
2 486636 974
2 347114 745
2 159747 404
1 403306 861
3 403306 169040 403306 537534
3 852878 613543 410327 235380
1 619609 579
1 167715 492
2 523766 275
2 244858 14
2 96775 836
2 788710 838
3 738050 478795 281211 203290
3 50838 505058 230457 268563
3 955622 900920 369065 265910
2 23325 301
1 807487 837
2 279951 854
1 496184 280
3 793745 433253 194674 457948
3 520793 813813 11300 241801
3 934782 141986 243856 124882
1 9641 561
2 211219 963
3 861515 547546 767020 306381
3 663118 499076 879322 658565
2 368332 20
3 78220 946830 513991 328293
2 951795 297
1 431336 143
1 379494 951
2 418272 390
1 163860 2
3 494010 1793 425611 366989
3 83659 143885 550863 963827
1 952315 463
1 847501 339
1 856491 873
3 863431 635897 446239 490589
1 175453 940
1 55595 385
3 55595 886897 55595 541301
3 673758 42372 569743 974002
3 870695 416785 2636 562063
2 68823 886
1 281014 496
2 853898 343
3 636592 823912 53097 564258
2 395915 720
2 584231 676
1 806903 420
2 338379 296
1 372213 645
2 711628 258
2 257483 356
2 67560 705
1 219767 906
1 572629 629
3 6926 170826 602673 114977
3 827454 958649 755412 974645
3 473828 801824 416988 828107
3 64298 752769 610889 108544
1 903290 740
3 86592 227377 614304 492733
3 585189 419298 636899 372409
1 538802 582
3 393354 497580 990048 782028
3 896630 98699 305497 292967
3 399689 486647 248307 199501
3 739685 273431 858935 335152
2 309090 712
2 35536 905
3 237251 424685 617533 291214
3 715908 380604 868183 402494
2 147480 510
2 175554 565
1 573923 931
1 703827 435
2 667017 983
3 232135 206872 483002 467218
3 490802 676235 901348 788417
2 258842 409
1 322107 372
2 220266 447
1 381217 1000
3 381217 393415 381217 663172
2 868368 960
1 786046 838
1 179764 180
2 919988 360
2 178047 809
3 933059 527422 634527 318753
3 737986 828094 63852 888726
1 691321 931
3 691321 676878 691321 872
1 635566 284
2 213820 697
3 327068 70922 573255 514272
3 159679 947634 703327 823089
3 334215 136819 643569 325009
2 720604 636
3 694859 720604 371175 720604
1 282776 317
1 117707 597
1 764885 600
3 589695 51145 827854 941704
1 791382 595
1 693386 693
1 670977 857
1 5476 57
3 292168 318419 701890 116908
2 458931 301
2 146011 664
1 847296 739
2 217462 311
2 765586 822
3 204113 338497 576518 240980
2 232453 65
3 454404 232453 321815 232453
1 458525 366
3 940358 360935 811558 75223
3 663467 143543 543738 325412
2 480819 166
2 440036 81
3 71798 440036 635642 440036
3 641876 314801 415427 780088
1 843629 900
3 843629 305976 843629 750196
1 84032 434
3 687571 875126 164801 118419
2 6464 624
3 580929 583588 660708 924222
2 378963 980
1 751288 513
1 100735 160
3 402912 122523 669368 924151
3 282808 859354 337251 554044
3 408685 870161 595225 228975
3 339368 740684 819314 690976
2 550159 205
2 331148 132
1 33336 887
3 33336 837059 33336 935400
3 502171 894735 986233 277167
2 486706 463
1 987152 216
1 333454 384
1 285007 473
2 116951 525
2 356872 611
2 506606 746
1 419474 164
1 131097 63
2 614592 295
3 122795 254345 521127 939024
3 137316 850502 630475 522184
3 285136 192252 631533 885112
3 378703 865336 870068 186140
3 769223 693156 565939 905315
1 105745 531
3 105745 494334 105745 640446
2 83617 677
2 310116 823
3 693357 19509 367205 119008
1 415355 770
3 812595 982942 894873 166781
2 427206 18
2 446700 167
2 60116 74
2 842862 927
3 706681 842862 909608 842862
1 873527 269
1 343288 822
1 790754 641
1 900865 457
2 159151 226
1 99050 111
2 411828 58
3 977635 953528 211107 183148
3 446379 178400 217171 242449
2 603098 112
2 88017 961
3 20792 822608 927444 851816
2 841726 455
1 739708 174
2 47242 800
3 510543 47242 36859 47242
3 767783 968282 613969 811024
1 185903 202
2 32517 848
1 484506 959
2 979303 841
3 828187 264246 602599 256261
1 656146 976
3 656146 106814 656146 137622
2 496785 743
3 121862 7916 705604 416900
2 776921 413
2 440869 136
1 935 816
3 635353 631474 660002 18585
3 764063 77550 86265 867386
3 377201 120205 786034 631689
1 346659 326
1 900907 637
2 147290 372
3 161713 4302 976187 727593
2 140770 442
3 5306 140770 131422 140770
3 90390 551915 166176 315220
2 679923 671
2 195214 284
1 858383 687
2 772490 535
3 452197 359747 680128 668518
2 151825 312
1 640652 31
3 551123 903493 657861 373767
1 950460 756
1 624680 265
3 892470 661264 719173 148497
1 399981 168
3 707456 201053 945726 614976
1 348670 263
1 790042 382
3 790042 251375 790042 569806
3 487354 694267 781226 3332
1 332386 370
2 959552 832
3 339279 332668 999862 802751
2 142555 11
2 83990 481
2 710792 928
1 719308 934
2 880511 457
2 173136 572
3 221824 432301 394717 201647
2 439349 774
2 142480 952
2 938960 48
3 83423 51975 431704 644826
2 482114 783
3 469030 751349 452081 580142
3 892274 586903 773615 140388
2 669335 566
3 750165 893533 308409 330380
3 540489 879865 552003 359625
3 541754 67495 376251 541564
3 950904 387947 332452 690633
3 609050 156383 33028 965395
2 780994 344
1 98734 928
1 318579 807
1 52679 503
2 518201 678
3 337256 356935 6791 315467
1 769055 387
3 257903 201599 482233 508594
3 455559 382697 797225 539081
3 965056 16492 866161 296349
3 803624 886025 370631 556105
3 131945 284199 269057 297269
1 434329 730
2 593936 46
1 302240 862
3 932016 305533 347564 391350
3 866656 44585 942114 230841
1 425188 576
3 913352 129532 464687 537583
3 378750 307427 61175 262795
3 179680 501757 126008 481553
3 201609 26926 595477 509052
1 826071 879
3 917003 235168 469119 447978
3 462539 41201 852012 153484
2 570320 582
1 938432 592
2 710066 220
2 785260 267
3 592236 856896 829295 558583
3 641356 855910 908257 150202
2 432919 802
1 779819 668
2 659992 864
3 586387 831807 820618 880927
2 96185 612
3 879170 577448 984524 762884
3 964674 534832 555452 116271
2 866559 973
2 881129 591
3 410989 605936 389560 309582
2 812415 699
1 802773 263
3 123047 55727 433714 821279
3 897483 767036 909628 827309
2 345440 278
1 341106 186
1 992230 872
3 269839 20706 580060 689045
1 247712 721
1 443071 829
2 245555 257
1 617168 906
2 639896 499
1 708274 303
3 126382 274252 428605 937140
3 8303 86633 519958 682405
1 46828 753
3 46828 763026 46828 364253
1 60987 972
1 543035 165
2 394364 234
1 961558 954
1 865653 34
3 718971 393081 985818 391282
1 798295 797
1 531302 366
1 866622 439
3 875181 492762 274967 625999
2 603599 552
2 193797 480
3 154827 193797 201840 193797
1 282989 667
1 394093 545
1 807531 364
3 609568 365749 296409 646447
3 291447 532998 830695 380208
1 454109 292
1 784142 924
2 820140 863
3 469504 333629 7934 118316
2 478304 364
1 282 533
3 860893 686525 884893 363563
3 10978 830483 952064 671739
1 263226 810
1 787065 53
3 435953 474366 456679 54917
3 16101 808673 850967 361542
2 52286 295
3 866689 997787 340684 172268
2 533494 841
2 959481 139
2 946725 169
2 610864 123
1 163382 605
3 622801 757449 324626 111052
2 932912 578
3 163982 112635 335616 465893
3 749461 319460 314667 306818
1 260298 829
2 532849 19
3 325404 427384 962026 53092
3 155387 688228 941417 723419
3 897454 661060 352253 279060
1 363106 932
1 9714 913
1 669604 143
1 468688 621
1 979904 843
1 394765 590
2 882544 157
2 601590 344
3 224863 25433 134821 133458
2 47565 504
3 578616 712705 606999 919916
2 266185 60
1 94088 625
3 94088 156242 94088 550214
3 187735 332299 349131 570773
1 453886 966
1 488595 324
2 804332 792
1 309832 50
2 264661 603
3 105164 787093 615088 807732
2 258868 95
2 971182 155
3 521391 68856 848636 265806
2 335480 941
3 510369 524319 944846 501823
3 965283 555949 611905 328474
2 190544 154
2 804769 768
3 562794 45922 237147 338639
3 199177 563573 513811 680310
2 518018 941
1 553744 326
2 254175 352
2 772513 734
3 837356 772513 860011 772513
3 988166 479469 330277 959395
1 670880 28
2 294678 110
3 393785 798940 742877 893657
2 90036 943
2 456631 291
2 132835 834
3 917467 533628 354219 737096
1 991350 444
1 112713 684
3 182930 735431 75001 639659
2 889226 416
3 530828 576168 207086 271164
3 56343 319813 416628 314619
3 873346 364017 107069 753139
1 354183 763
3 864539 328523 268123 194760
3 493452 7091 550639 215376
2 992279 638
2 950447 632
2 566641 390
1 976275 524
1 692261 301
2 350472 47
3 478400 360637 489089 35367
3 654659 34958 999486 512603
2 833178 224
1 318462 25
3 318462 646820 318462 895745
2 768844 936
3 857170 695560 285238 885548
2 556253 322
2 510479 903
3 16687 956590 900171 734843
2 219158 851
1 792897 61
2 969672 767
3 671967 49150 449646 777719
2 630427 594
2 631469 349
2 364751 26
2 712236 877
3 87374 313486 426283 696933
2 357230 979
1 730655 610
1 47336 278
2 357651 452
1 532263 425
2 37422 957
1 659817 847
2 122669 609
2 352440 564
3 52901 64904 712626 825751
1 431931 286
2 74792 821
3 773384 930021 175714 158387
1 712798 584
3 189676 361168 692121 8986
3 537979 625314 375498 945227
1 348258 117
3 948509 731091 808472 957315
3 5756 456179 189954 298866
2 813156 327
3 649942 539162 270922 729673
2 263049 881
2 831785 596
3 818903 283162 414644 897102
2 141823 818
2 450887 495
3 449851 866631 235980 682481
2 495834 558
3 820363 495834 371575 495834
1 917889 139
1 494030 622
3 709249 747421 930162 966674
3 502571 49407 722198 795626
2 88455 470
1 385474 487
1 422996 167
3 838283 596622 312087 348503
2 464756 366
1 261221 213
1 65418 392
2 560689 804
3 196000 368554 810781 126494
1 233612 376
3 757874 965389 988274 945689
3 795060 123201 154960 644452
3 677796 713725 61147 29670
2 680225 353
2 996029 915
2 686731 844
1 703765 955
1 25344 879
1 252777 570
1 599747 651
2 739727 430
2 56860 125
3 190667 742583 144564 43076
2 335477 652
2 801432 793
1 625566 531
3 193734 122306 954474 17955
1 617902 424
1 93966 2
2 908985 310
1 111247 986
3 623659 347931 891621 509936
3 712971 884845 990598 767210
2 306049 188
2 396165 70
1 915806 259
2 120204 385
2 996102 658
2 460125 22
2 110899 397
2 251018 307
1 931361 339
1 427493 402
2 294049 660
1 434672 400
1 185615 478
2 918938 801
2 588014 727
3 991289 188134 307710 653575
2 600636 588
3 620979 987917 603198 205493
3 524276 983950 31201 621369
2 972350 138
2 55310 929
2 683250 753
3 726287 608326 78348 177768
3 220261 347179 668863 393598
2 832627 279
3 886778 861418 560038 583545
3 858756 415237 182830 392652
2 121547 657
2 960148 948
1 301461 376
3 890373 294819 961334 344736
2 115385 882
2 142160 578
3 654600 142160 240733 142160
3 893095 352986 428614 396581
3 129524 50172 753026 456999
3 347861 338290 51301 936503
2 426336 329
3 30827 426336 377834 426336
1 699378 16
1 541952 966
2 1536 915
3 340695 1536 851968 1536
1 525764 160
2 478169 890
2 594086 139
1 238834 343
1 667123 104
1 556824 41
2 747446 773
2 806247 248
2 338907 289
2 156377 1
1 925867 189
2 741690 552
3 898572 76086 620934 618898
1 391395 472
2 322773 46
1 197483 449
3 197483 485276 197483 460493
3 13828 45480 975204 807208
3 99300 845792 768652 736584
1 468707 678
2 22693 323
1 548578 72
2 874680 251
2 759502 481
2 565944 870
1 151718 963
3 472269 538092 590562 488537
3 811583 392606 564005 8993
2 770687 914
1 371892 697
1 873603 220
1 919032 687
1 493237 583
2 553965 489
1 576213 414
2 243116 903
3 518564 831647 380738 849148
3 294830 482517 561904 44920
2 477121 102
1 734884 274
3 734884 873854 734884 432229
2 37229 663
2 187250 823
3 69812 606698 386929 563076
1 950774 728
3 950774 724861 950774 65869
1 724824 86
1 181575 599
1 821263 624
2 212625 542
2 792747 547
1 381025 375
2 16538 910
2 224245 705
3 932021 294757 222104 918460
3 354558 121995 711215 410898
1 126549 30
2 486206 710
3 958979 486206 89139 486206
3 229170 731935 587947 144725
2 213663 501
1 643190 257
3 643190 875470 643190 874470
1 882437 849
1 117654 364
