2000
2 329105 49
3 178059 74874 178059 489501
3 728788 451314 728788 337894
2 870038 668
3 415018 832659 697740 832659
2 517370 569
1 91364 422
2 158048 51
2 736732 871
3 994539 449374 994539 325085
1 351076 495
1 265200 468
2 939119 146
2 390590 73
2 323054 501
3 992593 323054 721145 323054
3 417670 766743 911760 766743
1 299712 53
2 709095 251
2 182192 693
2 360037 985
3 434736 503966 434736 307830
2 941058 424
2 275344 25
1 893799 102
2 921059 652
1 112553 672
1 462356 995
1 716207 49
1 503212 312
3 429825 518433 385428 518433
3 551008 19304 551008 596709
2 116311 433
3 297181 475648 297181 53160
2 37454 441
2 952592 330
1 950736 187
2 383713 415
2 555927 272
1 273167 495
2 932056 835
2 376028 96
2 298460 463
2 891826 948
3 711455 547883 711455 161563
2 507781 25
1 559624 683
3 559624 542918 559624 227223
1 737590 222
1 42613 15
1 291359 598
1 594855 880
3 594855 644718 594855 512012
1 765963 377
3 29818 194724 958493 194724
2 900511 52
2 969080 429
3 676360 969080 91712 969080
1 147691 246
2 294935 494
2 356018 678
1 733070 511
3 128452 631496 128452 135972
3 238227 634580 238227 298324
3 684421 843599 431060 843599
2 195357 474
2 740549 56
2 755084 899
2 291845 696
2 404074 348
2 270266 225
2 525299 188
3 136294 776606 136294 463201
2 773714 74
3 953526 339978 953526 176698
1 237836 900
2 520696 878
1 495043 440
1 897310 933
2 484918 620
2 571210 546
3 808934 746487 956747 746487
2 880206 617
3 583482 379990 362872 379990
3 111464 900729 111464 637438
3 563342 52366 463387 52366
3 198173 368388 198173 283049
1 679484 828
3 560952 46597 560952 354031
1 671846 753
1 647610 897
2 566779 101
3 37128 502337 899015 502337
3 169261 595414 99398 595414
1 664849 236
1 33922 510
2 360341 914
3 403222 538308 403222 411154
3 787014 644013 721513 644013
1 431069 480
2 800847 382
2 926356 485
3 940781 728050 940781 872402
1 659251 626
3 659251 347470 659251 613160
1 177965 405
3 750097 888658 445678 888658
2 91499 859
3 785350 614804 177369 614804
3 101031 302358 360509 302358
1 123984 596
3 40171 525597 356811 525597
2 90134 24
1 137945 793
1 471597 716
3 729654 607429 729654 582706
3 367962 817376 367962 643083
1 327067 600
2 500988 596
3 739954 903796 739954 520869
1 606016 138
3 867939 512229 867939 993123
3 710701 406728 710701 667999
2 884173 666
1 144843 891
1 42442 882
3 668824 451636 668824 314364
1 787270 191
3 679164 28853 356794 28853
1 473968 202
3 866519 676198 926803 676198
2 937076 362
3 681745 937076 306093 937076
1 248843 9
3 512529 238357 512529 685552
2 156256 195
2 437808 699
1 502763 631
3 692854 67505 692854 427547
2 22046 138
1 320149 56
2 597488 577
1 413795 537
1 23228 891
2 842946 551
1 555034 116
3 555034 400158 555034 997249
3 812838 837419 812838 905486
2 345695 758
1 455759 631
1 837211 242
2 553879 106
1 27183 94
3 762418 845027 991932 845027
3 610426 243909 610426 978157
3 822185 616159 717209 616159
2 872524 338
3 348421 872524 461041 872524
1 93473 49
2 810180 867
3 99275 104187 546824 104187
2 218384 558
3 267590 828754 207163 828754
2 375656 735
3 413930 375656 5134 375656
3 932699 280084 517585 280084
3 641055 480917 641055 202697
1 875880 722
1 518794 869
2 69042 125
2 125745 387
3 805495 125745 136699 125745
2 389074 263
3 255564 24705 193691 24705
3 28297 266206 551322 266206
1 655755 875
2 948396 295
1 247827 222
3 39569 98073 330527 98073
2 130230 997
3 316102 125922 316102 343141
1 514321 157
2 884188 405
1 896858 871
1 284050 360
1 360579 895
2 977441 79
3 102010 977441 540768 977441
1 652952 801
2 277885 99
1 938929 302
1 849852 486
2 185876 646
1 975099 209
3 415125 368982 970938 368982
1 84565 646
2 123520 307
3 873580 134545 312954 134545
2 928800 970
3 304503 928800 360305 928800
3 450532 371029 554763 371029
1 431463 238
3 253164 56708 253164 37729
2 584814 691
1 582677 742
1 163130 991
3 949277 670044 949277 542971
1 789308 429
2 720938 176
2 265763 424
2 860896 864
2 333693 102
2 28082 408
2 205786 483
1 49185 658
3 49185 880582 49185 600685
2 951771 668
1 186654 180
1 182212 459
2 969413 783
3 681320 687228 884513 687228
2 283759 720
1 843838 455
1 487153 836
3 370531 603490 965408 603490
1 277655 441
2 503695 477
2 799627 63
2 966996 772
3 936891 924543 664008 924543
1 351653 558
3 236412 594934 236412 543073
1 750184 151
1 823498 700
2 659253 508
2 648656 334
3 829986 648656 742271 648656
2 643272 147
3 797968 331504 797968 153767
1 717808 468
1 150258 269
1 84790 315
3 84790 997997 84790 887720
2 878534 896
3 512477 878534 320419 878534
3 85381 253500 85381 732736
3 870861 833537 68580 833537
3 292575 82773 292575 408604
1 354073 902
3 569475 289426 569475 717196
1 282713 311
2 946946 667
2 621468 590
1 93851 789
2 20762 256
3 518303 324934 473121 324934
3 13190 9797 383042 9797
2 342004 692
3 127559 189264 127559 477901
1 68204 115
1 30085 101
3 73204 191370 747832 191370
3 133203 382887 63873 382887
3 49031 293322 744449 293322
3 3700 636657 3700 867855
2 780172 594
3 867184 187104 867184 536254
2 617864 803
1 464151 280
2 988966 648
1 715644 637
1 192971 211
1 227282 126
1 119876 6
2 947817 483
1 322805 805
1 396986 679
2 870279 582
2 733386 255
1 920621 923
2 380352 639
2 561765 224
2 183722 545
3 945167 168141 275176 168141
2 234286 555
3 735120 234286 930215 234286
1 588040 587
1 408775 699
3 733307 606298 41085 606298
2 287428 653
1 561516 818
2 498676 954
3 428617 44322 359226 44322
3 238781 465556 100044 465556
1 958266 404
2 358125 924
1 742350 810
1 588552 849
3 626332 961899 626332 278352
1 567518 281
1 206229 17
3 922396 762791 922396 146855
2 42585 294
1 755946 646
3 803296 272690 803296 195949
2 207287 857
1 639749 122
2 658027 672
2 508286 554
3 162654 508286 125628 508286
2 652969 124
2 98585 675
2 353844 313
2 511849 777
2 966666 567
3 593268 728673 150843 728673
2 456058 967
1 910396 818
1 474168 695
3 474168 282585 474168 104383
2 602516 828
1 632839 41
2 776001 900
1 663844 167
1 190552 229
3 34249 508489 315929 508489
2 565333 282
3 158992 733821 158992 113631
3 641966 160790 641966 106696
2 768867 852
3 356763 305742 356763 550383
1 646586 904
1 55139 145
3 243744 995116 243744 964013
1 970432 639
1 778919 395
3 143111 950806 143111 943151
3 162577 57061 685340 57061
3 541932 898208 541932 920189
1 48879 122
3 840381 721287 840381 183262
2 862837 203
3 93680 667079 561339 667079
2 374158 385
3 830125 260248 431284 260248
2 378949 652
1 414034 98
1 606471 591
2 632792 801
3 30492 356659 492402 356659
2 326629 103
3 402059 326629 346333 326629
2 638443 793
2 599947 715
1 633321 565
2 217890 768
1 690155 81
3 307012 963872 700781 963872
1 181104 428
3 103672 83350 103672 441707
3 189595 79534 810420 79534
2 535631 971
2 953729 21
1 307021 559
3 307021 597581 307021 473224
3 789486 474227 157479 474227
3 723969 963617 723969 3156
3 254817 581200 59323 581200
3 588397 307426 734706 307426
1 907435 444
3 124852 89996 602242 89996
3 368864 379912 595617 379912
3 996563 138322 595095 138322
1 162800 538
1 346918 251
2 724766 339
2 444367 740
3 170269 934366 127948 934366
3 385762 8648 775413 8648
1 900395 151
3 638970 324064 638970 75961
3 971836 740650 653424 740650
3 10869 184258 10869 184562
1 470801 328
1 833790 385
3 505248 771054 968247 771054
3 244557 536669 244557 340233
3 646117 985081 839234 985081
1 42505 536
3 580016 755082 580016 552125
1 988616 13
1 600413 780
2 692671 866
1 286695 62
3 776179 302176 776179 807748
3 667139 807592 667139 805990
3 127065 655668 127065 452338
3 733128 609950 733128 259174
1 85259 839
2 293849 226
1 887739 812
2 5616 826
1 690279 128
2 310332 485
1 605764 1000
3 744104 185637 24163 185637
3 830455 389925 830455 896774
1 548339 642
3 215734 545600 215734 811401
1 275077 591
3 273364 48903 98888 48903
1 419372 687
2 321792 794
3 493719 763897 493719 231626
2 894709 610
3 544118 296065 17927 296065
2 199342 728
3 163501 46174 163501 348687
1 774565 778
2 179533 284
3 954752 179533 960538 179533
2 848835 604
3 581901 848835 970265 848835
1 656225 559
2 714322 60
2 3483 670
1 879774 217
3 516634 116038 516634 165339
2 784910 516
3 292621 187095 292621 185392
3 812401 768585 119613 768585
3 222648 903486 582447 903486
2 171058 890
2 199753 548
1 342032 263
3 964295 529632 594451 529632
1 418785 504
1 91614 349
3 195652 93016 825529 93016
1 641682 569
2 853294 744
2 552185 186
1 595202 170
3 930705 406777 622670 406777
3 822856 432999 788755 432999
2 389427 318
1 388496 741
3 388496 529205 388496 667631
2 973668 213
2 913638 884
2 809823 646
3 420707 588915 797277 588915
2 907139 907
1 76390 71
3 299457 956531 299457 724474
3 419408 674348 290984 674348
2 708264 981
3 399442 945870 399442 668798
2 157900 580
1 715744 922
2 142672 896
2 16230 198
2 711781 779
1 252750 66
2 53040 874
3 341753 149387 350942 149387
1 414907 995
3 409423 689757 409423 365057
2 959054 380
2 698449 168
3 332467 698449 978695 698449
1 915568 463
1 700244 863
1 918012 633
1 601202 401
1 680557 617
1 222112 817
3 192442 557580 192442 521216
1 734550 391
2 122795 460
2 882487 293
3 965610 679223 965610 168737
1 53427 303
1 250566 504
2 356704 948
2 287426 861
2 23928 492
1 550016 736
3 550016 421237 550016 297227
2 2660 419
1 138572 792
3 138572 547110 138572 687464
1 840244 143
1 242191 453
1 702980 188
2 640412 754
3 629271 729735 629271 999621
2 745984 74
3 476655 502280 686126 502280
2 295920 382
2 236021 329
2 408485 976
3 907552 755339 692530 755339
1 748572 544
2 847104 282
1 633783 233
3 19951 98526 69114 98526
2 264984 331
1 660139 747
3 538063 811506 494672 811506
1 393201 563
3 554546 460382 554546 678179
2 204737 632
1 465706 502
2 154606 923
2 449037 800
1 882617 463
3 82689 51764 82689 279467
3 547053 862647 182473 862647
3 216732 402217 216732 212827
2 641170 318
2 491870 531
3 996854 701261 996854 525163
1 523870 35
1 907960 476
2 488001 329
1 578468 411
3 505181 166861 505181 679128
1 971802 261
2 455310 568
3 666017 926960 666017 103549
1 275548 151
3 320768 558283 320768 170196
2 976929 90
3 884873 958059 884873 726838
3 203349 544845 599038 544845
1 533280 13
3 9291 121548 9291 566367
2 621524 184
2 859784 599
1 948220 294
1 86539 432
2 603557 670
3 481093 603557 528150 603557
1 407129 869
1 11274 437
2 237766 469
1 584956 6
3 319398 600383 319398 231311
3 536329 607410 430171 607410
3 879271 926110 343296 926110
3 476707 538062 969162 538062
2 425460 824
3 692702 789728 692702 762742
1 212094 181
1 909237 494
2 534852 904
1 335696 564
1 39053 787
2 653426 215
3 340401 746924 340401 871706
3 971672 449838 971672 260237
1 689579 246
3 689579 173168 689579 126597
1 188953 861
1 106594 942
2 762799 487
2 476385 981
2 741741 117
3 542147 82599 709741 82599
1 900613 640
1 547172 44
1 678554 299
1 74320 436
3 439194 788491 834185 788491
2 26882 600
3 334909 918779 151980 918779
1 329992 550
2 400124 802
3 995599 732211 995599 299939
1 248360 817
1 891359 360
1 479802 290
2 93079 73
1 373302 443
1 151887 849
1 696063 71
2 892244 960
1 776172 658
2 466118 411
2 165454 388
1 902319 838
3 902319 635648 902319 388365
1 108710 405
1 18653 548
1 64077 261
1 825503 238
3 825503 854754 825503 367633
2 44762 880
3 315351 594950 491034 594950
1 712173 509
1 820604 70
2 152142 852
1 784237 747
2 654289 894
3 303843 654289 280399 654289
3 126930 402439 126930 578380
2 878657 472
2 628039 868
3 427414 260986 427414 544006
3 629959 109470 629959 960669
3 415718 620880 744525 620880
1 355313 590
3 509943 504445 509943 46928
2 497664 152
3 488167 497664 319782 497664
1 393761 124
1 613529 950
3 287400 896863 278283 896863
2 292941 377
1 126396 48
3 356664 155241 368118 155241
3 355371 11614 867455 11614
2 547305 173
3 380740 547305 929166 547305
3 104974 55538 607718 55538
1 46046 689
2 479491 789
1 69451 795
3 478682 605000 478682 428133
3 427422 925101 427422 71337
2 109844 780
3 54445 288476 104589 288476
2 340179 713
1 44008 771
3 44008 523764 44008 338140
2 575817 851
1 802321 564
1 204855 24
2 416387 540
2 763121 1000
2 10941 661
3 463237 345202 785723 345202
1 432276 437
2 60748 830
3 507007 703595 833279 703595
2 959190 894
1 455137 978
1 349388 84
3 653088 970993 792283 970993
1 51103 114
1 562361 227
1 739589 320
2 677542 547
3 740632 57405 740632 397117
1 288190 25
1 91670 514
1 857787 3
2 966386 468
3 591981 966386 470694 966386
3 283995 541016 283995 910940
2 11468 648
3 811036 11468 690238 11468
1 883984 352
3 477576 361983 446397 361983
1 699220 586
1 828218 10
3 448788 770877 111923 770877
2 379942 517
2 782905 51
2 501974 819
3 788190 948857 788190 935089
3 661627 252470 37443 252470
3 429319 182519 81123 182519
1 470725 758
3 423365 225452 313074 225452
3 928645 262557 928645 915383
1 2413 2
3 670589 477984 670589 169046
1 164145 486
3 731920 127162 92222 127162
2 862685 110
2 577181 168
1 207605 867
1 333786 749
2 98691 43
1 193950 93
3 193950 310795 193950 881106
2 181601 184
2 868340 137
1 917049 442
1 47150 740
3 245840 267243 245840 887887
2 989473 791
2 66977 344
1 944106 495
2 640719 670
3 673945 640719 812076 640719
3 928754 623029 928754 977724
1 359715 91
1 20248 82
2 452517 470
3 40751 251609 40751 648321
2 461420 27
1 824615 377
3 34154 828396 34154 271123
1 576514 203
2 342203 327
1 678221 827
2 642570 403
3 578080 765302 190795 765302
1 904313 403
3 442823 933544 442823 970280
2 520452 225
3 331026 520452 727672 520452
3 407777 409527 407777 217568
3 882375 978264 980968 978264
3 434575 811648 434575 196931
2 65742 546
3 724300 283777 37719 283777
3 894090 670437 251699 670437
2 6769 655
1 801917 420
3 165894 685683 312954 685683
1 45382 568
1 779737 518
3 779737 580040 779737 14751
2 470404 642
1 414515 524
1 682292 32
1 668132 478
3 220750 564598 526760 564598
1 447012 864
2 201280 157
3 689304 201280 880531 201280
1 808162 562
1 457984 879
1 985545 670
1 309585 152
2 29835 7
1 81927 627
2 834130 56
2 97115 308
3 326048 445943 326048 129774
1 101419 326
1 72946 917
3 754314 772353 398392 772353
3 494751 260285 12613 260285
3 853024 205801 853024 883431
1 999133 121
1 383056 410
2 798343 882
2 810461 922
2 118203 719
1 970049 53
2 977463 303
2 771781 467
1 614836 559
3 614836 720230 614836 55476
2 67344 322
1 480868 886
3 880106 562404 880106 692014
1 752272 84
2 998936 247
2 449628 91
2 490720 635
3 180795 83173 180795 772811
2 762052 401
2 162890 750
3 368127 981048 863331 981048
2 669042 887
3 939047 123006 939047 150101
2 665305 741
2 932540 555
2 84083 266
1 522465 362
1 766384 117
1 911987 493
3 475058 778212 638709 778212
1 174352 344
3 445966 893000 445966 240821
1 602877 137
2 711998 764
3 211888 662378 470981 662378
2 90911 62
2 600547 638
2 602764 584
1 721075 751
2 108115 424
1 793000 624
1 560249 881
3 777319 67480 430630 67480
3 709685 909514 709685 460164
3 788079 755854 129733 755854
2 83632 498
1 514081 711
3 662513 748766 262665 748766
2 71628 837
1 65313 119
3 65313 568764 65313 140639
3 28294 670406 28294 295534
2 497726 361
1 472644 833
2 771386 690
3 759880 426670 759880 470910
1 244699 644
1 779859 815
2 372611 572
2 517788 880
2 955651 677
3 434538 211379 434538 528834
2 239317 307
3 701555 988617 421859 988617
3 70832 865396 261657 865396
3 228504 489088 173741 489088
3 30745 398595 13627 398595
3 601532 77376 601532 687956
2 938152 261
3 796518 473096 704804 473096
3 378738 567633 378738 332617
2 150468 611
1 722209 65
2 317290 813
2 256161 747
3 68478 876922 68478 565295
3 935406 913036 52401 913036
2 517349 495
3 883789 517349 2892 517349
3 948104 248367 948104 385174
2 431579 551
1 228523 452
3 506927 677342 691673 677342
1 971976 711
1 837553 110
2 447489 94
3 332823 652261 332823 123921
3 667309 914977 667309 395817
2 465569 704
3 417286 622492 417286 100280
1 647131 309
3 647131 687683 647131 544988
3 604369 303138 604369 920894
1 201438 619
1 735584 273
3 130727 391913 130727 263597
1 202793 781
2 838243 688
1 113963 505
3 81693 702239 81693 329395
2 264673 50
2 669194 238
2 480084 761
1 831725 350
3 404061 112440 404061 710611
1 803907 950
2 10292 783
3 596751 139505 596751 734959
3 60379 808126 466515 808126
1 443216 257
3 443216 296711 443216 479082
2 988970 263
1 594306 883
1 312958 869
1 836048 941
3 836048 550999 836048 874318
3 874066 748777 387532 748777
2 49970 547
3 955489 572579 955489 916446
1 586819 987
2 193636 445
2 438084 568
1 81134 221
2 863707 748
1 777408 533
3 206928 68173 206928 675503
1 710477 450
1 805279 453
1 86815 415
1 497252 639
1 558193 216
2 877380 569
3 398349 679642 398349 792550
2 347750 350
2 416637 130
3 236325 131030 669441 131030
1 61373 176
2 391869 492
1 975590 767
1 496320 997
1 12395 772
2 186707 8
3 798088 854890 477054 854890
3 179877 576655 580185 576655
3 916567 915333 916567 217798
3 263561 406585 263561 422702
1 954629 738
3 954629 416999 954629 203146
3 572777 260232 572777 990117
3 544603 503309 544603 10514
1 432140 243
1 718738 859
1 664973 855
3 213059 708612 213059 248211
1 761518 782
2 124744 97
1 137517 282
3 701871 87348 701871 583106
2 94507 535
2 504964 290
1 358166 90
3 458548 950506 458548 641278
1 569587 649
3 565589 521338 565589 619970
2 255819 305
3 687148 22459 687148 433669
3 449583 28803 449583 805035
2 422229 300
3 486999 776953 813116 776953
2 683735 964
1 814855 117
3 336737 667925 557841 667925
2 459710 824
3 723210 449311 723210 292088
3 580353 496575 336387 496575
3 424133 255362 424133 258842
1 938726 858
2 429725 174
2 286186 801
3 105849 286186 212338 286186
3 66942 976715 352361 976715
2 689690 44
1 444206 159
2 36640 83
2 135673 181
3 875367 156897 132499 156897
3 780740 100605 190700 100605
1 613753 809
1 216552 186
3 216552 11356 216552 88167
2 206459 872
2 847109 130
1 541890 653
2 687274 365
2 256036 920
2 775401 179
2 402038 123
2 852650 831
3 813225 35217 813225 262927
2 226954 504
3 432492 107314 432492 663829
3 751544 821289 751544 925445
1 957291 605
3 718685 908079 718685 605996
1 450552 992
2 413162 187
2 894814 129
3 119548 894814 242047 894814
1 797234 986
1 788491 410
3 788491 927876 788491 236516
3 671160 77935 671160 486468
3 412287 261260 412287 385693
1 936736 222
1 866710 300
3 919807 358802 919807 1370
3 488411 246334 587311 246334
1 762048 661
3 762048 962287 762048 547387
2 551391 979
3 784596 185168 784596 549517
2 684993 647
3 921714 158553 921714 525062
2 995216 172
2 378875 911
2 230004 760
2 900404 974
3 389972 900404 126799 900404
3 704719 216629 704719 534433
3 56279 766064 56279 439165
2 281107 813
1 516072 642
2 681222 878
2 286449 130
1 331461 653
3 819462 837209 709389 837209
2 17039 915
3 879788 877730 647018 877730
3 40642 419688 40642 533876
2 995105 201
3 840952 619131 228974 619131
1 114603 747
3 639510 956527 108313 956527
3 464768 949003 651329 949003
1 158122 949
3 158122 767449 158122 731397
3 643557 850006 643557 92785
2 832048 369
3 750478 259143 136441 259143
1 584378 146
1 607051 206
1 27217 138
2 606674 306
1 940129 546
1 282487 725
3 282487 433932 282487 799738
1 480270 8
1 828212 782
1 498011 197
3 996545 261247 785756 261247
3 170781 685300 463217 685300
2 678837 253
1 735546 766
1 19346 720
1 688357 548
3 688357 228298 688357 685172
1 370228 932
2 872827 316
2 521910 293
3 366081 873457 366081 599325
3 689757 724952 162564 724952
3 499804 775442 690636 775442
2 678620 885
3 133981 552879 539323 552879
2 32062 723
3 312159 251437 312159 706435
1 173371 880
3 940182 18170 940182 202200
2 271552 177
1 481952 150
1 111998 848
2 483499 14
2 583429 503
1 162204 980
1 380656 851
2 873857 615
2 499937 398
1 113609 194
2 886769 812
1 661150 273
2 790298 540
1 393680 761
3 946555 861653 946555 806690
1 230508 968
2 667462 256
3 543335 739346 543335 475621
3 668554 521710 668554 590608
2 109440 109
1 792062 721
1 17029 274
1 565844 389
3 85344 305551 85344 222892
1 912952 499
2 268109 747
2 316848 345
2 41185 939
2 650443 361
2 734047 474
3 816403 734047 79112 734047
2 417746 399
2 745283 740
2 781105 391
1 362902 522
2 461538 668
2 57839 708
2 999314 139
1 972128 8
2 740492 573
2 105567 645
2 454761 794
2 459273 344
2 822946 743
2 781050 207
1 631655 457
1 482422 393
3 482422 128387 482422 985857
2 328223 366
3 943957 257652 815525 257652
2 387637 94
1 815291 271
3 598256 188022 598256 309098
2 787825 779
3 547607 787825 224244 787825
1 977752 884
3 691416 789666 691416 808267
3 955618 186446 491962 186446
1 687867 650
1 301686 137
1 33160 429
2 4913 809
2 691536 664
2 201805 798
3 240245 931633 714870 931633
2 219973 267
2 596266 270
2 313215 53
1 450120 374
3 450120 369658 450120 241813
3 255158 216303 232740 216303
1 798478 15
1 270141 717
1 485800 687
1 582130 505
2 114432 974
1 741447 588
1 856901 726
2 979454 409
1 666162 977
1 553525 337
1 387466 572
3 606612 235513 606612 312853
1 89111 932
1 556898 659
2 946213 718
1 721958 881
3 396984 646418 396984 914897
2 820815 386
3 787163 202594 785655 202594
3 46785 625074 46785 792655
3 630709 344723 226963 344723
1 672389 330
1 332619 65
2 498279 387
3 474563 498279 124706 498279
2 727230 761
1 546262 640
1 975720 986
3 519858 767244 716827 767244
2 449592 882
2 341249 858
2 295069 571
2 370703 749
2 272194 38
3 232965 297031 232965 325341
2 600 87
2 287975 857
3 46137 846843 137643 846843
2 159169 119
2 883817 962
2 47580 712
2 852972 355
1 286468 900
1 111347 757
1 537642 232
1 256599 982
2 628174 68
2 268283 461
1 745169 692
3 835932 434222 835932 225648
3 771443 731772 219577 731772
3 305703 67906 679743 67906
3 854359 711443 854359 796504
2 886020 719
3 22666 719065 941517 719065
1 765214 893
3 614681 748631 960991 748631
3 487843 232760 487843 634455
1 686879 852
3 795296 433978 363194 433978
1 602474 966
3 34669 89943 34669 525612
3 904454 661728 879174 661728
2 607808 644
1 709009 755
1 853267 275
3 773687 173007 773687 22642
3 529399 889680 529399 698903
2 407202 987
3 77380 290702 77380 334471
1 28287 213
2 673213 686
3 709389 719457 699823 719457
2 900509 640
1 833767 525
3 877536 380112 731902 380112
3 139500 714450 104788 714450
2 3594 134
1 386737 322
2 140491 821
2 962048 663
1 495548 639
2 828873 386
3 904771 763099 459551 763099
3 182355 749379 182355 573320
1 545512 877
2 640563 205
1 449545 219
2 746782 950
1 524628 704
3 524628 433944 524628 922335
3 205598 56471 205598 541478
1 950465 34
1 330113 623
2 374407 4
1 993554 694
2 407114 665
1 678898 282
3 973134 696830 973134 219630
3 443230 265853 170884 265853
2 49201 631
2 7246 696
2 255312 131
2 827274 285
2 281795 760
3 239809 767944 785052 767944
1 812731 71
1 67515 908
2 884565 731
2 923710 678
1 170899 469
1 843929 35
1 841335 686
3 470802 470152 470802 23349
2 944110 854
3 621111 998037 512814 998037
3 955824 467451 901915 467451
3 187977 734848 187977 754426
3 670706 887908 670706 64165
3 407990 796942 434257 796942
1 711826 756
1 887013 592
3 544675 280934 74072 280934
1 763960 187
1 948634 156
3 948634 259680 948634 723523
3 561635 535243 373103 535243
3 512527 590106 512527 258920
1 438414 737
2 675041 131
3 339155 43637 339155 302245
3 207000 636729 207000 554119
2 760035 167
3 778756 712911 55473 712911
1 529170 857
2 155606 729
1 175632 500
2 596045 829
2 673016 487
3 140669 443266 364793 443266
1 481252 202
3 116803 122710 379769 122710
3 867942 655249 627126 655249
1 73438 637
2 714485 541
2 552470 479
3 492238 949115 997637 949115
1 546260 20
3 420585 947888 420585 521657
3 852746 495243 77365 495243
3 959004 503257 436666 503257
3 774262 151913 716886 151913
3 672582 97789 439693 97789
1 290049 601
2 938681 126
2 987233 122
1 626990 500
1 720943 960
1 402791 101
3 920616 923947 950279 923947
3 574811 178301 145800 178301
3 364690 564708 136291 564708
1 479080 625
1 981026 677
1 407075 1
2 750987 614
1 923226 31
1 264695 822
1 689793 846
3 232456 87481 540403 87481
2 386194 704
3 940948 875076 940948 306694
3 494055 368255 865078 368255
1 51323 478
3 676981 40928 380976 40928
1 662202 852
2 262353 151
2 150981 789
2 10933 186
1 558843 719
1 823886 861
3 178860 257258 178860 542648
1 835866 935
2 886863 748
1 437683 273
3 224628 212805 44407 212805
3 956127 392220 127685 392220
1 867936 24
2 475449 293
2 675571 498
3 653344 878223 242590 878223
2 618039 757
2 426409 481
3 183114 370021 183114 980796
2 354001 419
1 156836 803
3 127329 692959 467684 692959
2 765989 317
2 201913 165
2 313761 275
1 193557 946
1 189538 803
3 673300 42068 222695 42068
2 98102 253
1 346409 954
2 778647 797
3 977093 778647 485799 778647
3 80589 987225 865517 987225
3 316703 565309 316703 590658
1 290203 982
2 191954 114
3 19413 253541 19413 593144
1 806981 793
2 699753 555
2 339421 927
2 320761 361
2 221135 959
2 127839 683
3 417016 127839 63630 127839
2 477655 704
3 734601 665840 734601 397253
1 583590 51
3 143896 544694 26138 544694
2 266712 360
2 70148 271
3 888355 70148 611448 70148
3 216798 741170 216798 248652
1 676745 518
3 523663 94801 523663 526941
1 827450 500
3 198188 525916 555804 525916
3 646548 91296 32845 91296
1 99258 375
2 131470 625
3 994231 718096 994231 323749
1 5498 388
3 79129 449593 84996 449593
1 106136 749
2 915369 103
3 85899 915369 614996 915369
1 198289 923
2 646959 129
2 558405 178
1 10615 717
2 790024 151
2 235792 83
2 207894 410
1 572347 865
2 955205 298
1 963152 689
1 876069 814
2 477981 234
1 251839 344
1 959038 891
1 267146 908
1 34514 337
3 604080 377829 30650 377829
3 815119 645330 815119 325325
2 387009 434
3 891785 387009 158936 387009
2 511704 393
2 242538 47
3 548338 678793 966287 678793
3 313295 929070 697141 929070
2 872513 165
3 22798 957440 22798 870436
3 446070 226110 446070 858762
2 388313 952
3 399135 311668 399135 396568
1 423131 278
1 881116 938
2 641126 517
3 115655 850769 327680 850769
1 160378 527
2 86008 102
3 530273 86008 583622 86008
1 173439 278
3 173439 106768 173439 356645
2 84272 162
1 851829 958
2 588985 536
3 813916 268529 813916 253571
1 208720 18
2 116909 153
3 67263 116909 55468 116909
2 100494 274
1 888241 786
2 442699 887
1 649086 803
2 327211 670
3 864902 312711 62172 312711
3 28002 407012 28002 588864
1 59486 70
3 429494 936828 429494 59412
3 926652 689289 926652 93996
3 321690 402668 321690 406043
1 593563 969
1 5001 354
1 507962 881
1 92666 25
1 711947 425
2 413142 687
3 338066 413142 780244 413142
1 224708 260
3 321923 869057 361038 869057
1 957031 636
1 524745 713
2 325422 984
3 528690 718713 528690 232620
1 285223 756
2 724802 265
2 489786 329
3 581270 61831 581270 970646
1 446462 539
3 74203 880504 74203 542585
2 951014 798
1 893574 749
2 65617 794
3 502739 65617 834980 65617
1 871272 581
2 516369 79
3 125066 516369 804321 516369
3 465846 851250 465846 511194
2 313997 1
2 750382 687
3 52774 491906 716025 491906
2 710877 965
2 163343 136
3 807650 399761 807650 977963
1 802444 632
2 105174 69
3 595145 608122 595145 272096
2 958431 176
2 216579 385
2 89763 625
3 85166 391252 56253 391252
3 867104 606662 867104 821924
1 902518 92
2 909559 782
1 897031 890
2 468653 345
1 350906 559
2 314591 973
3 60787 314591 448181 314591
1 741636 380
2 651926 401
1 449706 486
1 580152 931
2 110786 454
2 567524 249
3 229824 98353 22398 98353
2 622435 542
3 134419 737859 134419 58828
2 774943 127
2 648033 233
3 946334 648033 83967 648033
2 492428 657
3 584206 476409 584206 879875
1 90496 955
1 515904 233
2 762275 390
1 252961 696
3 459817 229649 459817 844868
3 851825 794493 851825 31
2 370523 98
2 423070 849
1 310452 737
3 141324 645836 642290 645836
3 884335 845141 884335 358348
3 878766 194893 878766 692836
3 617244 338802 617244 989086
2 570084 52
2 511014 172
2 892359 859
1 106450 256
1 912985 635
2 722635 980
3 143890 626615 855279 626615
3 276725 209692 829197 209692
3 796053 894252 409609 894252
1 677801 63
1 924434 826
1 315643 864
2 891916 749
3 731039 891916 511654 891916
2 957079 103
3 302576 359305 302576 620924
1 312382 607
3 749370 160870 749370 968450
3 992617 6154 873757 6154
3 523530 541968 523530 647788
1 259979 322
1 288314 890
1 101723 542
1 633347 171
2 906657 775
3 481211 961198 113587 961198
1 122147 829
2 721084 104
3 503647 495408 673714 495408
1 307454 849
1 133940 467
3 114066 27503 114066 776601
3 793251 656356 793251 306191
1 520369 25
3 274322 538681 359457 538681
1 615273 575
1 235895 881
3 925272 638445 118456 638445
1 546264 234
1 513191 670
3 165551 650820 567872 650820
1 270650 33
3 270650 666016 270650 301211
1 47483 876
3 842082 794604 460308 794604
2 8049 596
1 155939 12
1 44656 316
3 13905 23476 733229 23476
2 619557 613
2 738061 563
3 12022 139247 12022 647119
1 753513 965
3 125118 620961 823236 620961
3 392970 787736 159471 787736
2 689195 791
3 266302 689195 875251 689195
1 21703 745
3 879033 148674 233324 148674
3 600823 24662 600823 229865
1 335670 731
3 102199 281166 102199 739955
1 271697 503
3 35415 731673 792117 731673
1 145941 431
2 37742 637
3 548933 269606 551206 269606
1 658396 558
2 696176 971
1 788809 890
2 51505 604
3 235608 857682 200455 857682
3 394791 778584 250435 778584
2 670218 71
1 254006 242
2 35422 280
2 419900 576
3 823925 994900 305804 994900
2 281387 976
3 17307 962918 32965 962918
1 853258 402
2 669614 187
3 602046 550451 602046 655966
1 674112 230
3 606362 919171 606362 836444
1 904979 384
3 877478 469605 877478 511998
1 322073 837
3 623583 11677 623583 13813
2 62739 941
1 400590 698
3 274230 960298 274230 762634
3 155825 18525 173662 18525
2 46050 512
3 593290 557871 593290 441632
2 753710 241
3 262096 645686 266793 645686
1 367675 910
3 975532 532652 203360 532652
3 558996 488541 431558 488541
3 197218 14404 208585 14404
1 646234 530
3 646234 620623 646234 354189
1 698957 151
1 540834 660
3 540834 780499 540834 984070
2 541851 692
3 650204 541851 790997 541851
1 236592 706
2 975111 23
2 941922 666
1 160391 271
1 812156 352
3 128453 804847 128453 521515
1 845987 977
3 845987 403783 845987 908944
2 132756 370
1 939424 165
1 869187 435
3 206403 723721 206403 749574
1 140991 38
3 363918 179270 814497 179270
1 586541 194
3 784313 190791 822634 190791
2 580663 187
1 443854 498
2 732683 915
1 414195 93
1 290502 982
2 636276 826
2 97832 361
2 148353 704
1 456876 63
2 850597 598
3 962437 850597 469027 850597
2 583554 650
1 871316 639
3 871316 857252 871316 164656
3 703479 410443 27695 410443
1 409837 80
1 269518 859
1 380889 273
2 970806 513
2 209455 383
1 491620 16
1 715927 575
1 918888 19
3 230831 39742 230831 298471
1 786360 262
1 441579 765
3 441579 569528 441579 990327
3 636409 606441 636409 400596
3 740931 171153 740931 770600
3 294783 422230 80204 422230
3 734934 538872 92083 538872
1 956332 0
3 408006 843991 408006 443178
2 507382 998
1 440421 442
1 686159 800
1 835201 315
1 413860 190
3 608663 930326 608663 237961
1 507591 919
2 23125 320
3 465388 410317 114753 410317
2 711849 378
1 598860 623
1 453228 529
3 453228 995386 453228 856365
1 527273 80
3 207742 434507 207742 790851
1 789872 281
3 789872 879542 789872 430323
1 538568 457
3 647756 346466 647756 339829
1 325591 328
2 939606 50
1 156692 888
1 850440 302
2 756729 905
1 386660 313
3 429135 670549 1005 670549
3 201701 883634 201701 745807
3 763568 538610 470608 538610
2 748875 122
2 800263 787
1 399244 304
2 434578 845
3 331175 434578 732611 434578
2 581491 761
2 210222 526
3 453324 314572 453324 746984
2 288394 94
2 749897 164
3 351703 22433 992080 22433
2 994668 443
2 789213 402
2 449883 843
2 603160 256
1 412838 862
3 962770 668053 962770 270724
1 812002 77
3 625709 440341 625709 885881
2 35246 180
3 749327 296837 749327 507437
3 376170 880846 471286 880846
1 138963 672
1 295985 177
2 87814 29
3 533345 862812 533345 654348
3 226416 499100 226416 102679
3 44946 800027 44946 501393
2 929813 200
3 380249 141974 380249 76848
3 767851 891591 336148 891591
2 68049 471
1 126802 536
2 296521 804
3 285231 165171 285231 411587
3 486738 128924 486738 29398
2 135642 609
2 998353 119
3 253800 1684 253800 464060
3 774350 190128 884196 190128
1 583992 436
2 650317 909
2 257493 919
3 687414 631656 529969 631656
3 221075 127246 713613 127246
2 254033 860
3 259860 65732 259860 782176
2 242003 597
1 227516 229
3 969904 524089 969904 778353
3 959993 487659 959993 3449
3 326259 884277 326259 148895
1 221576 563
1 607971 665
3 484998 944249 337004 944249
3 843144 805139 561920 805139
1 122897 277
3 258032 51218 437475 51218
3 502786 709751 530041 709751
1 27008 748
2 762158 211
3 561129 19214 559384 19214
3 283231 22960 283231 394269
1 606241 370
2 472057 574
2 688131 831
1 760453 706
1 221094 302
2 39903 659
2 36730 671
1 480115 367
3 229673 475321 229673 352888
1 941478 622
3 55793 104437 55793 353746
3 5453 957413 5453 973736
2 402144 717
3 677441 402144 410444 402144
1 374695 854
3 15747 326573 15747 394449
1 376382 562
1 556011 200
1 879081 916
2 359867 610
1 202910 361
2 662148 291
3 106164 519135 106164 525389
1 421983 823
2 159508 404
2 534275 483
3 917013 385749 917013 209726
1 939777 826
3 939777 145531 939777 783760
1 419386 658
3 573066 960535 573066 976029
2 782884 728
1 632040 483
2 592713 361
1 350022 816
3 734738 553609 734738 39719
3 870529 977965 851407 977965
1 956325 534
3 513797 544779 513797 421278
2 768175 308
1 989303 412
1 179070 848
2 788327 236
3 724270 372172 741440 372172
1 200696 629
2 892606 249
3 88519 99226 877296 99226
2 546663 513
3 373355 833673 291435 833673
2 274698 346
2 497966 67
3 759302 746473 467877 746473
2 871015 73
3 477262 5077 477262 256035
2 601022 843
2 881631 810
3 914419 268350 914419 17959
2 390997 718
3 161935 177991 354293 177991
1 950737 904
1 543677 538
2 870235 130
1 544150 905
2 247491 219
1 320856 975
3 436673 421268 436673 535960
3 126722 689042 947259 689042
3 136249 667363 396415 667363
3 83054 734365 696583 734365
1 878264 930
3 211847 721089 688223 721089
2 799116 900
1 741457 768
2 432782 178
1 108342 660
1 487237 995
1 266467 138
2 629810 562
2 355612 582
3 740957 706323 544 706323
3 432070 286805 432070 142658
3 445083 507110 445083 857280
1 286360 402
2 632254 220
1 551594 41
3 309768 215105 965149 215105
3 262816 402932 594634 402932
3 701355 719983 701355 805125
2 709203 383
1 723192 605
3 723192 131282 723192 354898
1 338044 833
3 72138 244889 72138 310363
1 20779 103
2 111868 318
1 860580 582
3 860580 790305 860580 697398
3 119773 91686 921090 91686
2 608316 781
1 13404 589
3 185303 731600 501225 731600
2 887978 432
2 796702 816
2 214103 3
3 322753 353915 322753 678748
1 384950 504
1 669781 941
2 390280 212
2 675993 707
3 832209 301955 845571 301955
1 448997 398
2 917122 862
3 689309 917122 454945 917122
2 839668 802
1 907662 122
2 752024 239
3 783944 21511 783944 652534
2 643306 300
3 769560 643306 949820 643306
2 46141 3
1 624325 701
3 57125 973795 127595 973795
2 931228 628
3 50135 281187 50135 562845
2 634178 707
1 792469 380
1 902779 461
3 902779 614371 902779 710661
3 215454 231360 215454 879266
1 466676 985
2 973136 842
3 768461 823128 494195 823128
2 72131 339
2 342364 641
1 696538 915
2 619366 725
3 617960 49768 940232 49768
1 836876 497
3 749712 80686 185784 80686
3 880711 995349 227710 995349
3 464283 91644 464283 286758
2 8716 449
3 202935 596620 202935 708058
2 974136 946
1 479649 458
1 89067 519
3 20047 864428 636611 864428
2 896531 992
1 231867 378
3 231867 751934 231867 405768
2 172470 942
3 596338 172470 672789 172470
2 207093 623
2 450550 92
3 413139 450550 854193 450550
2 412322 223
3 153987 412322 684422 412322
2 312820 182
1 809172 899
1 194890 361
3 194890 435162 194890 702228
1 927643 136
3 9737 288305 22184 288305
2 598397 226
3 922096 293860 704177 293860
1 191121 75
1 234163 299
2 448851 662
2 889500 951
2 509460 263
1 359857 617
3 660722 192125 660722 2641
3 409154 269333 409154 146302
3 951660 328237 951660 474723
2 903533 100
1 289976 341
1 264094 23
3 122795 79862 122795 521193
1 663711 310
3 68438 735917 654695 735917
1 98159 598
3 98159 148857 98159 156569
1 943046 744
3 42407 442543 42407 931639
3 638280 88893 638280 376577
3 212652 453928 212652 546848
2 828336 633
2 156722 49
2 271850 331
3 151007 441555 598251 441555
3 678438 801750 678438 956837
1 396884 703
1 984059 939
2 274254 929
1 301850 921
2 178144 471
1 478845 674
3 684294 41283 968756 41283
1 882709 908
1 820125 881
2 367427 35
3 799197 793836 759728 793836
3 457673 135560 380251 135560
3 799039 765222 799039 930371
1 612367 356
2 640895 734
3 353343 640895 592068 640895
2 204042 360
1 766459 960
2 927801 171
2 394441 205
2 974848 745
2 229583 880
2 558188 831
1 158023 817
1 751116 405
1 639819 531
2 561515 963
1 387249 899
2 89747 570
3 303398 721295 303398 832336
2 392121 375
2 230350 571
1 17241 876
1 997250 993
1 581989 939
3 539438 817442 403212 817442
3 869790 636775 869790 855287
3 316916 474155 316916 958669
2 61374 429
3 155 142447 62919 142447
2 965752 746
1 559127 380
3 559127 443278 559127 998177
3 131485 172870 131485 55972
1 307699 255
3 307699 983106 307699 84813
3 515339 112317 515339 679476
2 518236 370
2 122416 287
3 783726 122416 880252 122416
2 237958 52
3 527542 593676 527542 258992
2 383177 976
2 446569 9
1 34118 187
2 946339 823
2 308903 557
1 477827 475
3 321718 919318 321718 549413
2 613157 707
2 594229 756
1 598393 469
3 33930 677754 647101 677754
1 735283 887
1 275176 42
3 222094 458871 550183 458871
3 373766 577468 530092 577468
3 986885 64351 986885 721334
2 425428 163
3 644433 723714 807621 723714
2 314287 167
1 296596 269
3 92348 788695 92348 517511
1 436745 721
3 436745 611043 436745 48780
2 992521 519
1 185337 146
3 379730 324248 379730 882184
1 906614 19
1 986425 622
3 445061 845524 657727 845524
3 934973 51416 934973 671052
1 148044 148
2 977606 951
2 354932 726
1 573099 234
3 573099 655938 573099 481262
1 917601 81
2 443812 756
3 524248 181951 497808 181951
2 542866 272
1 31904 466
