2000
3 2203 430683 857077 421028
2 522087 641
1 875748 116
1 454791 255
1 332571 280
1 105378 716
2 57072 995
2 887304 202
1 469829 897
2 995007 759
3 326475 461529 118720 352526
2 338563 487
3 499804 171750 58266 458197
2 852403 788
1 250379 815
1 443840 192
3 444090 663090 239976 473849
3 798331 700046 789557 191623
3 135155 772679 874631 825027
3 861799 574250 192963 497500
3 795032 703919 905970 344734
2 598551 599
1 304067 813
3 732376 830057 156790 632744
3 492405 330675 831911 532388
3 129112 368132 440716 432518
1 31134 299
2 6480 215
1 576528 657
1 331823 57
2 309957 79
2 438106 785
3 994899 591123 868319 202970
3 264886 986892 568411 445861
1 68773 201
1 858360 136
2 313689 198
3 882910 446546 978701 382981
2 947347 572
1 477628 927
3 477628 699179 477628 562319
2 655946 988
3 944074 656937 401420 588782
3 628411 468598 113114 566864
2 527612 370
2 994149 479
1 664480 566
3 119269 418463 83569 980198
3 253901 19868 21031 524090
3 798363 279667 378546 202272
3 778436 404926 227562 516422
2 778622 680
3 690541 683249 864850 580875
3 355562 268641 18052 160539
3 871097 196955 166454 862753
2 396732 346
2 928994 545
2 387201 734
2 246712 341
1 925159 249
3 815056 696559 407818 389444
1 204792 770
1 856135 490
2 534398 46
3 679104 293996 916296 13596
3 885840 86966 654623 175786
2 314330 470
3 697589 314330 501926 314330
2 222206 514
2 143472 431
3 702909 155128 293517 604283
3 666439 499843 245159 959873
2 411123 156
3 197429 58527 282234 577548
2 183510 279
2 807647 774
2 436259 497
1 471458 585
3 471458 66580 471458 92928
1 757384 228
3 757384 293162 757384 640374
3 381804 760620 288135 54987
3 178828 723924 730380 341714
1 263542 97
3 526824 941241 262678 642401
1 898111 843
1 338718 49
1 515933 334
3 788791 499698 892543 69084
3 420788 384758 834766 838591
1 426204 993
3 492232 567582 803054 778505
3 996095 500023 434751 90066
2 82041 270
3 474817 82041 208039 82041
1 141246 89
2 83258 242
1 877528 459
2 331611 241
3 950246 291227 69270 791009
3 984197 329265 666967 391728
3 629796 328457 123791 646868
3 720573 120229 892041 468073
3 543293 202499 708520 29896
1 412443 384
2 459288 871
2 646744 332
3 743688 392987 160011 570956
2 943329 47
2 958365 979
3 688918 398639 105475 288868
2 955325 539
2 854221 219
1 853726 742
2 544702 127
3 409746 313472 662647 271010
3 921993 655934 753051 564539
2 659370 468
1 657011 383
1 570625 940
2 258112 484
2 444031 197
1 106753 788
2 108445 806
3 902093 697249 704866 806654
3 503121 359489 103580 11404
1 378540 954
1 34191 845
1 622332 427
2 583897 584
2 248232 25
1 601036 962
1 283048 431
1 135408 128
3 503909 131812 285201 241712
3 522878 495560 25607 165877
2 533358 484
3 367725 617099 757188 336122
1 848771 974
3 373313 754198 462330 439078
1 713697 166
2 852174 657
2 984236 332
2 846262 411
2 353073 421
1 511345 194
2 677385 234
3 523227 543960 922318 712766
3 59942 707701 503252 740040
1 259975 311
3 259975 81776 259975 652988
3 844467 626427 158791 116320
2 805085 669
3 918543 651043 931446 799863
2 47324 582
1 265064 197
3 459355 309833 733477 858102
3 716703 850853 566722 115032
3 905392 382250 47201 84692
1 18911 391
1 245119 8
2 170085 232
3 506534 805151 613189 851508
2 223395 541
3 167882 223395 113175 223395
3 331275 216435 637301 751728
3 51503 819405 743014 314064
1 890370 72
3 890370 503988 890370 545918
2 723412 524
2 200056 776
2 117013 888
2 716282 618
3 689083 739564 922243 121735
2 934100 502
1 782105 614
1 169013 581
2 285109 12
2 340333 635
3 785869 210635 865307 451653
2 917523 394
1 948849 72
2 260043 931
3 778544 585560 371746 363671
1 378304 654
3 943683 662602 771627 855961
2 335872 254
2 62674 296
2 4253 260
3 72771 597748 234116 248228
3 761969 877683 199896 254600
2 185568 527
1 152960 442
1 491292 976
1 811347 137
1 790385 399
2 65935 321
1 260188 753
3 206774 953279 443548 102602
3 176279 361356 278423 536528
3 137118 203572 604689 138514
2 127990 489
2 183760 579
2 213383 278
1 619804 683
3 508335 171364 755049 376630
3 506127 850062 330703 801675
1 991559 978
3 265641 375961 416603 572169
3 864238 820766 586209 992245
1 727912 181
2 9721 282
2 108574 915
2 644410 996
2 663114 666
1 219019 273
1 8952 477
1 519232 783
1 469765 321
1 710491 175
1 630115 991
3 297905 902226 407657 495930
3 756803 194197 52306 602481
2 586268 562
3 561595 388552 551880 27807
1 460252 331
1 947315 364
3 947315 998022 947315 685718
1 17867 861
3 368926 353622 341562 164981
1 754681 717
1 288110 629
1 905822 730
3 755043 241609 989152 450086
1 59104 530
1 513191 524
2 691165 868
2 484656 745
3 377841 567603 286879 372332
2 618936 453
1 52131 481
1 796071 344
3 458963 443444 1910 334699
2 990380 4
1 304730 833
3 13151 146517 664224 600885
2 269364 845
3 160925 643096 113182 893929
1 236459 38
2 29457 634
2 526631 796
2 816154 777
2 801451 324
2 68709 623
3 540323 975802 777189 29633
2 510641 798
1 660664 224
3 445480 801080 389444 119341
3 234237 940995 995378 43948
2 242597 870
1 25285 323
1 139853 541
3 91361 1635 949878 673590
1 654404 39
3 592674 961889 324210 250249
1 714373 845
3 860004 222002 149253 355342
3 118277 489326 849095 567241
2 581401 185
1 285710 476
3 119050 174841 16438 92810
1 324881 416
2 544493 33
3 411364 172270 244620 361458
3 616191 255166 675858 32725
3 671157 357094 492872 938314
2 195061 942
1 768087 838
2 443795 77
3 901256 443795 362659 443795
2 159471 823
2 257872 988
2 546133 633
2 888759 745
1 153420 714
1 851771 11
3 306612 656482 930250 105781
2 233587 341
2 588072 370
3 408851 588072 501376 588072
3 643379 163492 956552 620890
3 606470 907600 3341 913875
2 319740 84
2 420728 555
2 70554 143
2 169740 629
1 596577 548
3 66106 617927 148698 446060
2 865176 811
1 918554 793
1 255925 261
3 255925 470626 255925 52949
1 888763 351
1 99247 196
1 215453 974
2 110312 395
2 651703 698
2 742906 267
1 588734 902
1 263860 677
1 754880 655
3 754880 514154 754880 366738
1 202061 816
1 805869 278
1 684696 74
3 684696 425849 684696 666888
2 955431 783
1 148617 98
3 148617 816939 148617 304230
2 304342 592
3 303275 304342 174 304342
2 467660 288
2 185249 590
3 788448 263524 685541 272690
1 957401 987
2 626226 265
3 769524 497020 411688 908114
2 334897 833
2 581616 308
3 684205 188169 914326 727822
3 192720 586067 956784 164137
2 191836 650
3 937479 816770 91297 436436
3 550328 27701 3371 950131
3 804791 703532 395551 90850
1 709428 397
3 915885 779475 200461 857900
2 321687 181
3 592852 321687 738781 321687
2 734493 440
2 700300 547
3 285704 693532 499205 748747
2 810507 224
1 187668 941
3 187668 755326 187668 113535
1 382037 910
1 749456 760
3 749456 244000 749456 458499
3 961117 476340 294435 157372
2 176206 393
3 545892 210220 725004 408016
2 174354 641
1 316257 382
2 925785 30
3 664812 42124 925142 917842
3 233546 481770 999255 121680
1 376055 519
1 853956 106
2 70098 458
1 58717 548
1 30824 498
1 917233 853
3 298987 441869 377068 843118
3 294141 626355 363005 971615
2 330120 992
2 359685 503
2 60780 728
2 537761 415
2 938458 750
1 176963 681
2 129269 114
2 559337 737
1 732200 161
1 769579 825
2 799630 362
1 423736 725
2 800663 49
3 627737 800663 506125 800663
3 221605 292759 4815 267222
2 55553 207
1 707789 319
1 799761 505
2 934006 739
1 157595 330
3 144920 482560 544351 665656
1 511905 328
2 554083 339
1 12948 219
2 984121 897
2 533521 873
2 225325 831
3 451490 790384 874977 711337
2 790832 403
3 612365 683252 204743 501371
2 73683 761
1 448754 556
3 486232 431653 779264 706322
2 539401 386
2 868310 677
1 171622 987
3 171622 259 171622 985524
1 983580 377
2 512132 941
2 907063 215
1 458405 156
2 61407 709
2 575420 260
2 284291 433
3 782242 284291 685803 284291
2 759170 70
3 364753 159961 917084 602253
2 107420 806
2 435668 486
1 555396 657
3 454673 552671 988414 720665
3 138892 696177 447840 132051
3 221766 909350 543117 26758
2 649979 337
1 486430 967
3 486430 866346 486430 679468
1 586201 935
2 715899 615
2 107927 192
2 539097 177
1 237879 921
2 366568 622
1 857660 319
2 337155 312
3 599856 337155 538753 337155
1 139379 751
2 590794 868
3 865622 172726 608249 31455
3 164139 125686 360533 202521
2 104525 146
3 98664 472293 980894 940427
3 263618 517831 889916 639916
1 342764 690
2 60156 565
1 688128 154
3 688128 234043 688128 49962
2 323312 52
2 607187 342
2 936837 277
1 523905 319
2 693052 986
3 150815 832723 813947 796206
3 988641 424859 725443 190471
3 725220 298327 620639 943160
2 134075 864
3 607180 134075 793005 134075
2 104876 976
2 500627 872
3 666234 25283 484900 924521
1 765261 809
2 644651 800
3 276268 35891 237936 304193
1 977723 350
3 9478 943675 973661 166155
1 272638 51
2 867297 905
1 723829 988
1 176265 430
2 110528 608
2 320928 514
3 636190 719226 558403 666017
1 18537 795
2 27918 277
3 854599 27918 808375 27918
1 779270 85
3 316331 987458 722754 76972
2 790724 301
3 316340 862161 110413 169393
3 101654 589330 557146 64626
3 495288 236704 880412 928907
1 497329 557
3 79158 722538 862285 100941
1 867510 759
2 406041 9
2 577966 815
2 52582 228
3 691528 52582 963585 52582
3 5514 677816 155769 563052
2 216928 679
1 857517 32
3 999623 862393 889422 782651
3 223563 79870 996743 214418
2 526370 693
2 453626 951
3 328775 404424 175900 159311
2 3837 107
3 124563 668038 14408 860688
1 330520 612
2 834154 918
3 91808 747505 576828 803253
3 372807 70523 476490 769389
1 123859 474
2 566828 639
1 910783 510
3 961207 704728 981543 401969
2 528871 942
1 431399 849
1 252085 177
3 166673 910248 652623 724920
1 231985 329
2 116161 246
2 128994 507
3 739479 128994 998625 128994
2 282155 342
1 909486 902
2 754959 565
3 672357 951747 679425 754962
3 612713 419412 51975 312110
1 269759 634
3 269759 423093 269759 264403
3 527787 911572 712628 608557
1 148107 870
3 551719 525641 178416 863631
2 370978 446
1 923087 387
1 407075 799
2 348516 561
2 842944 194
3 822480 869258 977100 518708
3 761039 939785 990787 715018
2 546110 926
3 437748 546110 699308 546110
1 538713 815
3 919951 949408 192842 231513
2 536752 744
1 430562 32
2 792573 106
1 832846 971
2 754481 384
2 655894 658
2 699992 915
2 973577 556
3 417940 579881 993046 696447
1 808105 210
1 42935 468
2 184612 970
2 410672 389
3 74802 410672 773646 410672
1 30566 486
2 632388 12
3 96722 84531 737548 294128
2 67396 251
3 665941 933955 654954 871062
3 153008 909732 132326 835742
2 295169 163
1 286170 914
2 478467 874
3 532463 147546 699011 488277
1 615312 864
1 652659 313
2 280418 421
1 294513 972
1 807933 321
3 871399 776783 208197 486204
2 982798 83
1 910490 921
3 910490 661546 910490 957701
1 490140 103
3 184707 744461 658010 117772
1 913575 368
3 446816 956552 754562 672239
1 175311 319
1 252244 773
3 447137 964508 834211 758991
2 794546 601
1 597116 752
1 897008 445
2 428346 744
2 172380 432
1 900639 955
1 59237 259
3 890188 668976 697856 314023
1 843617 346
2 901822 132
3 710385 889236 755924 430223
1 563781 138
3 539173 790236 130677 81153
3 317941 628617 779297 113450
1 324636 994
1 611488 865
1 627642 368
2 405701 202
3 810542 405701 901171 405701
1 265264 938
2 225193 948
3 684617 225193 672065 225193
3 267423 983264 686070 122257
3 839581 691141 335034 133306
3 356657 656679 917416 749893
3 814250 279959 476210 524820
2 537579 738
3 562624 507174 854946 747099
2 27897 322
1 729308 830
2 107543 108
3 251794 658368 192772 92357
1 643897 114
2 87279 554
3 613608 908963 919206 452452
1 353335 814
1 6953 730
2 458410 0
3 962358 708406 368622 603089
3 356486 45201 457992 43728
3 719268 669748 199533 123661
1 893019 774
3 736560 34674 664787 243485
3 96606 15039 180652 876847
2 427332 119
1 761357 859
3 877582 208875 163643 770080
3 151445 471945 758934 166976
2 223263 956
3 575310 420935 275586 396120
2 318329 285
2 838703 528
1 10635 116
3 900634 539603 119380 583423
1 522223 964
2 836361 257
1 778637 922
1 502275 661
2 879616 598
1 49039 323
1 743093 677
1 935307 721
1 650607 410
3 369532 375542 6863 336390
1 61509 977
1 57706 215
1 814061 271
2 597794 195
2 732363 218
1 160521 119
2 246150 569
3 137311 334499 157887 134306
3 899680 449269 707640 74399
1 361586 686
3 492415 799150 305204 818549
1 444984 150
2 597442 795
3 779518 879898 77703 912625
3 65593 111797 217118 665562
2 404025 536
3 628284 672333 135640 924702
1 429834 944
3 979836 583054 754125 938492
1 932780 61
2 586844 553
1 320013 745
2 251552 560
1 248643 708
1 218121 657
2 496524 865
2 563131 191
3 96067 436158 376087 897170
1 286183 416
2 769898 854
2 11094 172
2 151354 761
3 869963 322016 123607 150758
3 785829 232601 458384 100018
3 78648 721688 528361 729580
1 362586 875
2 934608 783
3 267263 156730 994989 779502
3 511963 889720 232809 387743
3 7849 646666 277461 798265
3 805657 968016 537526 799024
1 131098 431
1 907903 838
2 678668 652
2 378590 711
3 250316 32184 847097 597879
3 345702 389909 637424 68611
3 315413 178018 402685 332651
2 820599 183
1 544959 889
2 441982 35
3 842749 90451 541834 108047
1 99113 585
3 306380 964176 576518 507129
2 994038 891
3 991754 44230 88114 728406
3 21204 125840 563871 85126
1 220352 761
3 768660 730879 40666 570238
2 713456 901
2 717370 922
1 560208 331
1 366644 3
2 779288 971
1 723077 244
1 999276 290
1 963014 141
2 137194 155
1 652947 788
2 488949 44
3 360803 488949 509864 488949
1 368498 993
2 97744 111
1 988627 298
3 517638 59008 55293 459916
3 787110 508875 859763 405252
2 231771 840
3 839892 231771 995897 231771
3 641035 20309 764486 4704
1 892569 883
1 633503 668
3 463356 889401 289329 698978
2 197608 285
1 156184 658
2 414774 545
3 862419 178629 334398 510280
1 39025 573
2 784564 594
2 687598 271
3 874665 81639 926491 312198
1 828663 516
3 828663 689096 828663 134814
2 166169 105
1 323119 337
2 668530 176
3 632218 648660 650302 918614
3 534785 265900 963917 236269
2 542301 995
3 681237 948880 560266 226737
1 411337 922
1 503013 441
1 44887 739
3 409002 831111 334953 107575
3 430948 563005 446535 333426
3 709581 89732 149744 238838
1 4168 587
1 583401 902
2 905910 902
2 262528 683
2 794538 577
1 73242 190
1 865312 967
3 865312 219628 865312 920047
1 107535 60
3 270421 583142 520707 491397
1 814715 904
3 814715 693376 814715 841051
3 334693 474811 256985 856334
3 951437 264660 669606 665633
3 783077 562333 811424 229325
1 167857 223
2 556157 707
2 373836 448
1 189168 895
2 451464 114
3 940721 376463 365642 414673
2 195979 540
3 565058 879599 18929 826175
2 925292 93
2 60049 27
3 54613 687487 813862 665479
3 279311 316834 545977 997118
1 947635 9
1 813141 349
3 521726 743399 3805 577521
2 652892 77
2 476121 319
2 238654 336
2 572449 939
1 923940 702
1 994613 256
1 668862 383
3 3734 627775 595144 720562
2 388146 468
2 370424 671
2 596993 91
1 342799 74
3 342799 344668 342799 693379
2 577376 466
1 833487 205
2 769958 909
3 748957 927659 584445 454838
2 37292 609
1 718483 506
2 74424 339
3 500581 74424 294142 74424
1 893053 294
3 693919 319309 911855 486597
2 955058 820
2 453730 702
1 369221 727
3 777791 394700 31993 926729
3 245059 785204 868022 790375
2 402946 71
1 848862 127
3 286215 664266 137191 851591
1 240323 115
2 171380 559
1 578012 88
1 665562 696
3 743088 663087 665916 339674
2 428732 802
2 499418 682
2 599251 522
2 720593 167
1 129762 521
2 615325 681
3 529085 143699 433442 383572
1 22574 241
3 34789 59849 426271 740562
3 474249 705279 720747 882820
2 950973 108
3 591561 806847 759365 329970
3 213015 499145 346257 238965
1 866 946
1 127444 990
1 911560 926
3 574755 53247 924484 419322
3 546679 982202 533817 736141
1 419733 254
3 371233 190562 58319 959274
3 626104 38509 961318 573955
2 54159 849
2 554615 330
3 673529 20728 636327 931846
3 338243 128201 383041 467348
2 501982 931
2 361484 919
2 369834 46
3 281953 369834 100616 369834
1 547383 928
3 547383 305551 547383 780931
2 987065 155
1 349911 757
3 539261 650860 870576 134215
3 42206 143019 454143 747891
3 369727 441341 907597 812235
3 843463 984719 76560 118089
3 711808 390598 65405 108490
2 626877 774
1 396205 487
2 379905 236
3 668601 598895 432334 835232
2 743627 879
2 47163 912
1 938628 901
2 367767 984
1 531437 843
2 220585 218
1 766277 934
2 146203 241
1 418897 810
3 568992 993729 851274 188476
2 259225 104
2 132392 799
1 624614 854
2 777027 400
2 27207 809
2 834378 457
2 787687 701
2 317084 387
3 458734 866451 799773 604595
1 481302 440
2 815193 753
1 965090 749
1 821327 903
2 912175 550
3 665036 912175 562062 912175
1 918682 515
1 885320 185
3 263403 929834 809805 671267
2 453766 252
1 763714 482
3 383378 514499 714987 974123
3 99350 184335 534339 477558
2 70171 105
1 350553 10
2 190963 368
2 610508 147
3 868886 729513 339309 854235
3 481477 366197 666677 3923
2 549738 635
3 541505 549738 744867 549738
3 862579 581358 721186 673844
1 967718 60
3 967718 648904 967718 335185
1 33331 7
2 442218 322
1 532828 297
1 263373 139
2 879610 159
1 847210 931
3 185445 584129 769813 802717
3 950452 706353 874798 271507
3 327798 708906 947068 259179
1 304994 198
2 720829 299
3 173769 351525 904759 62365
2 371658 824
1 994196 927
2 230378 143
2 479327 311
3 943843 550721 590937 391034
2 616265 337
1 77554 460
1 290193 120
1 891375 31
2 41301 39
3 180786 41301 613303 41301
2 756122 802
3 777877 929200 727490 786583
3 632863 588225 574830 112849
2 561220 738
2 940439 641
1 69500 264
3 893211 2533 340258 472608
1 435891 210
3 818592 280281 939302 834664
2 608612 358
1 922139 193
3 774323 587043 122427 917754
3 41836 763860 669797 90645
3 536606 797120 704701 347486
1 601410 422
3 601410 19295 601410 652117
2 746872 318
1 460135 491
2 372131 988
2 649198 416
1 371825 36
2 978698 456
2 867314 617
1 38972 627
2 320237 951
1 692083 160
3 828494 490301 271550 537300
3 679603 955696 347400 1801
3 400769 465284 337638 584176
2 729375 684
1 870006 628
1 945202 331
1 283508 392
2 474567 964
2 504421 737
3 421113 504421 835464 504421
2 651026 480
1 675076 884
2 472486 415
3 679035 178172 403130 226106
2 141598 11
1 893317 896
3 187884 356066 887564 630232
1 689940 973
1 567988 955
3 567988 912949 567988 290068
2 441692 487
1 3558 765
3 3558 945940 3558 314729
2 35244 729
3 517192 316183 162077 199832
3 934617 23629 442578 751442
3 850791 541674 851156 677033
2 39131 907
1 361352 388
1 716156 25
3 130613 502852 975847 820164
1 20348 51
3 471225 706024 438898 662962
1 809891 528
2 534754 470
3 169121 667576 420411 666199
2 736560 626
3 869594 809097 431580 618764
3 398058 348137 778471 873413
2 693293 158
3 542614 566849 328079 822962
3 541789 409836 98663 951435
3 353522 208122 784866 660388
2 558484 849
3 577369 306985 404233 607618
3 80587 769912 337965 591470
3 125518 18010 770425 755442
2 824762 962
3 286148 444854 384445 401568
3 385486 573519 82442 680568
3 17138 677764 935749 923205
2 41572 46
1 170732 75
3 474664 764647 971788 947754
2 766804 930
3 642291 619962 571756 709833
1 249393 184
2 828095 881
2 534225 728
3 965967 534225 118532 534225
3 394230 948962 396982 516570
2 281086 244
3 315092 595500 390471 911492
2 346297 867
3 62553 758821 125002 694792
3 573691 309971 156426 292928
2 320044 176
3 840850 320044 159998 320044
1 457646 443
2 451449 484
1 760936 424
2 369883 734
2 538112 265
3 790213 994457 80708 9290
1 729518 609
2 79163 71
2 238624 488
3 25726 522529 655770 320399
2 786327 706
1 21843 780
2 296668 765
2 252847 817
3 141993 775520 26933 106652
3 752790 711345 91047 3429
2 190584 37
2 780596 177
2 102175 996
2 578087 118
3 248424 112885 822091 992994
2 591230 378
3 113508 125679 585324 560725
1 973874 209
2 401510 968
3 749783 2469 162196 511375
2 656703 196
2 32954 985
2 871527 791
2 329785 760
2 374936 250
2 62294 136
1 820246 601
3 99059 571188 638470 419050
1 542436 192
3 252138 805918 36260 52673
1 936787 451
2 318366 185
1 390350 807
2 223800 256
2 632209 337
1 926809 110
3 369829 544863 163880 258918
3 589187 997401 229808 189699
3 946704 869497 844944 289597
1 244797 607
1 692379 984
2 640046 518
1 614324 273
1 410212 369
1 779389 980
2 995719 748
1 49686 929
1 987792 98
3 900356 876391 85245 293821
1 650760 988
1 191548 589
2 609552 181
3 821868 812907 644921 126136
2 907278 426
1 561203 703
3 561203 341145 561203 41578
1 515230 792
1 132114 951
1 19582 266
3 533551 758466 538641 820535
2 963806 292
3 452160 376729 657820 30720
2 490233 165
3 85125 46227 989833 250108
1 766352 132
3 766352 374663 766352 186074
2 309985 50
3 510799 184497 716799 118860
2 747083 862
2 458288 319
3 53180 822984 164778 222484
1 456880 888
2 510735 383
3 596751 677183 397468 13544
1 824778 916
3 260918 919032 67067 350270
3 684736 41597 868183 414245
2 677701 922
1 989339 485
2 18776 177
3 456429 415608 662255 708204
2 670829 303
2 138457 794
2 977987 467
3 306230 611286 942362 520552
1 174539 795
3 174539 810965 174539 234024
2 109605 677
2 285122 933
1 31835 744
2 832787 171
3 339518 625140 341507 298701
2 416567 731
1 52928 329
2 243809 615
1 641316 791
2 447193 429
2 291096 759
1 588545 650
3 588545 446394 588545 634353
2 189429 810
3 864559 656557 349954 705952
2 737903 966
2 850080 88
2 927048 104
1 129075 909
1 995256 474
1 670875 210
2 429147 389
2 33703 96
3 713642 980673 179833 898831
2 558853 906
3 467319 558853 890636 558853
3 125799 595344 549328 44010
1 693870 5
2 240598 769
3 649776 240598 149696 240598
3 735304 509016 737555 786086
2 355055 496
3 526261 846429 533628 14351
1 947107 430
2 426748 265
3 359555 401950 819385 195518
2 186433 647
3 599893 421143 691551 402299
2 218160 655
1 650948 834
2 823299 339
3 135577 151071 296326 115806
2 940554 497
2 92283 822
2 79153 6
3 273143 944988 251102 79905
2 838518 530
3 519316 463851 562997 201761
3 268539 677242 66607 803301
2 52509 23
2 459405 954
3 757680 143083 906300 885858
1 416979 184
3 15622 896210 524602 171479
2 927086 172
3 46874 927086 586136 927086
1 967949 661
3 925856 963776 5271 188476
3 576548 591024 13480 584235
1 128288 815
3 576363 705589 528938 314288
1 268379 464
3 135435 550997 187284 138268
2 52315 156
1 929681 451
2 772025 794
3 731503 697178 398841 750748
3 174540 290016 526222 693274
3 335628 126843 356941 961850
3 776921 601956 658561 909230
1 869550 270
2 131576 886
1 460544 668
2 98527 415
3 879946 483449 786670 876483
3 320995 13685 812710 743185
1 527764 898
3 275314 927547 195432 281799
3 541783 266931 494602 315591
3 84141 702015 871540 973635
1 412523 662
3 412523 471867 412523 346102
3 692749 624921 971491 879361
1 98482 135
2 318319 79
3 382667 401012 244320 49225
2 309762 530
3 877703 19511 200387 166531
1 879370 671
1 619050 527
3 135941 253987 629745 416449
1 978687 685
2 179266 878
2 303193 864
3 687802 973963 872229 724558
2 500466 390
3 253261 500466 739403 500466
2 611456 980
1 462663 575
3 640534 412098 825339 138561
3 516679 822387 840668 261519
1 650545 358
2 499673 550
2 449288 465
3 824827 449288 662699 449288
2 230001 318
2 675286 956
3 484044 243795 101421 671419
2 971875 125
1 386787 160
3 935176 958374 347511 874019
3 515130 632801 806090 116145
3 264714 829858 383492 787702
3 678510 20354 684312 496358
1 252881 784
2 628792 142
1 494994 710
2 472370 166
2 521664 302
2 255530 805
1 717194 973
3 422025 116520 680748 383684
2 447580 324
1 779504 808
3 624396 539795 178715 195828
3 818806 880590 676821 936253
2 190157 539
3 244051 406049 291027 703530
2 302701 223
2 453917 841
2 923867 699
2 183002 836
1 868845 889
3 757170 779401 99769 825210
2 153000 234
2 247413 180
2 598460 92
2 319882 423
1 393379 620
1 94760 693
1 607687 88
1 279948 940
3 561708 658975 867420 861857
1 480220 353
3 259250 380299 691115 530362
2 397901 205
2 478749 527
2 231447 126
1 673169 288
2 993101 364
2 833629 746
2 677478 873
2 364325 558
3 670624 429707 265272 413289
1 622843 211
1 905275 127
2 100999 542
1 941553 34
2 336662 783
1 846065 205
3 846065 548672 846065 726185
3 562290 227183 353917 724279
2 314505 881
1 257401 328
2 85586 54
3 992381 940968 726953 528297
3 428874 850162 87451 626068
3 928087 486469 574529 891804
2 176 797
3 819110 661014 402663 111693
2 170167 476
3 365785 863992 109775 509163
3 155516 949822 429244 12115
3 67013 693877 753738 78925
1 269254 979
2 764872 633
3 97704 400569 65607 751597
2 753772 332
3 165602 983023 494248 749063
3 231083 580036 415451 603045
1 302916 128
2 432687 999
1 319074 370
3 520530 294219 345445 304959
2 566722 105
3 308758 664600 421838 273924
1 230687 237
1 675574 156
2 606091 536
2 380118 80
1 847435 824
1 342265 319
2 876805 682
3 178580 876805 686412 876805
2 177337 631
1 14348 709
3 194195 539518 46950 244050
1 401224 913
3 671822 501034 613 394248
3 25225 184792 936306 772946
1 780997 680
1 74955 584
2 312825 34
3 103336 760574 64832 787715
3 934438 29964 607613 53965
3 890273 926606 95194 87208
2 353023 23
3 764203 298826 824767 855094
3 93637 676794 797039 973053
3 286639 462985 835498 610594
3 739719 418479 73772 435534
3 617935 884164 353653 929042
3 802890 630931 599148 297400
3 643588 956829 961626 21066
1 435566 961
3 633972 357166 505483 891838
2 784606 728
3 685074 170411 735180 690864
1 658976 404
2 859961 807
3 168948 940686 672468 260133
2 895289 10
1 866327 877
3 959884 547530 260149 987825
2 452443 886
1 315877 156
2 102642 873
1 641533 182
1 806136 940
2 399735 924
3 795757 473200 34262 20434
3 884038 831854 892438 518468
1 573457 56
3 351100 163327 681329 396948
1 552345 298
3 203248 199161 928122 247598
2 930331 789
2 29724 503
3 8161 471145 748448 969306
2 9204 925
3 646864 678193 444386 310381
3 830622 836311 642482 381022
1 343756 176
3 121612 715644 327502 568435
2 859009 605
1 700171 373
2 515053 205
1 628729 478
1 247482 837
1 807183 816
3 637773 937947 327594 205538
3 291177 119983 3950 85290
3 689817 749175 116558 795772
3 955280 37823 920033 212848
1 653427 146
1 740183 823
3 606184 288197 56478 296117
2 842752 219
3 297639 910644 937620 850265
3 297006 669048 135363 558394
2 897754 363
1 204096 545
1 768931 363
2 289481 583
2 799450 410
3 865229 99650 558018 55978
2 463244 181
1 548196 10
2 845861 168
2 610758 471
2 822435 70
3 816422 964198 238533 488571
2 598056 816
1 335728 507
2 943639 923
3 679362 594250 417622 345914
3 361930 253627 799495 403706
2 187332 182
1 830185 965
1 711399 798
2 565518 929
2 830255 995
2 653781 187
2 384892 765
1 906712 448
1 187563 889
3 950996 513927 631060 988574
1 937424 198
2 536452 373
2 290308 197
2 394058 6
2 182260 63
2 906068 821
3 578979 801950 240236 669641
2 902997 162
2 181872 624
3 930496 684859 759619 870669
1 404337 206
3 404337 69898 404337 601732
2 661708 134
2 661170 719
2 502477 839
3 170805 777180 675793 953487
3 183324 462154 481649 288455
1 811066 187
3 494776 853346 964579 12125
2 270876 7
2 15388 417
2 240804 445
3 283385 4401 488065 56904
3 177045 870587 275499 304586
1 329639 702
1 307207 176
2 373222 550
1 695303 509
1 273496 864
2 861563 988
2 934031 954
1 862478 736
2 458197 565
1 480213 741
2 351899 989
2 241819 280
3 106931 837872 100709 401572
2 637610 965
2 150025 807
1 490874 627
1 164019 136
2 51409 527
2 421054 216
1 224643 4
3 436534 199025 256763 230563
1 391558 614
2 598985 669
1 492605 687
3 208604 926675 274172 538151
3 121060 784461 206360 341748
1 781744 367
3 796462 186239 612482 512452
2 171193 765
1 140937 534
2 260933 494
3 588939 834114 278092 272510
3 776416 455945 206318 931730
2 837705 509
2 692226 58
1 261533 918
1 397896 605
3 127356 927838 212273 351792
3 33064 195181 137133 555197
3 636950 485763 634838 261575
2 26598 899
2 87949 128
3 108786 199784 478317 345697
1 780350 162
2 235044 982
3 19628 774060 817731 227221
1 331585 302
2 999644 352
2 203755 450
3 699888 423174 266730 291442
2 954926 963
3 804360 791573 924609 863512
2 436187 649
2 793216 775
3 669009 837135 976606 289645
2 546407 304
2 845859 5
2 509371 387
2 87192 649
2 590719 449
2 275315 83
1 242734 471
3 242734 596470 242734 856786
2 982499 289
3 44619 982499 562736 982499
3 124722 495485 183105 652833
3 467634 356333 480821 847386
2 703994 51
1 129016 163
1 854950 269
2 801294 948
1 452750 766
3 515889 872409 376289 893507
1 870693 999
1 183375 259
1 75713 373
3 441226 946698 562027 780917
1 588813 113
2 291066 868
2 767134 278
1 354098 87
2 927500 15
3 687290 480024 477249 775955
3 787829 876900 776192 239944
3 429009 336428 791513 127363
1 608759 958
1 511365 429
2 605224 895
2 763642 271
1 628536 716
2 598080 330
1 403720 442
3 403720 985564 403720 547857
1 424105 140
1 749595 102
3 774181 32482 51912 720043
1 376153 154
1 63900 842
1 327985 792
2 181292 224
3 529286 452615 628841 443980
3 721931 297044 160689 479790
3 261437 873326 241664 503902
2 664849 686
3 493619 863925 380832 122349
1 830018 314
1 932415 816
3 759019 920150 782521 672130
3 503343 782733 528353 214261
3 647036 515968 976790 267355
3 459305 874111 610208 804416
2 749543 831
3 503875 195882 452504 473189
1 554661 392
3 395272 391545 204589 550173
3 746376 210381 450148 946992
2 59120 941
1 732696 649
3 732696 336802 732696 386947
3 757170 29685 756898 304641
3 984258 484427 116160 582463
2 842816 298
3 251085 361305 652776 931920
1 971545 954
2 972706 654
3 299294 69486 811603 163945
2 421453 762
1 161549 779
1 412541 320
3 169631 204014 579248 573092
2 936740 514
1 431494 191
3 647522 367086 826774 383995
3 206036 446479 788321 945269
1 100119 127
2 772427 599
2 887393 823
1 935285 470
1 538194 422
2 183641 186
1 736304 121
1 884661 735
3 293357 365780 340361 401693
2 484943 65
3 89166 613109 201204 82609
3 236724 584158 103200 607531
2 530780 950
3 794249 556084 20723 35772
1 416104 497
1 667901 851
3 580212 835839 79124 154427
1 731474 214
1 574507 872
3 352898 222459 635022 29822
2 178384 880
1 306074 533
3 241701 908143 930570 522397
1 305215 323
1 39472 946
3 141986 545546 840589 393906
2 81321 48
1 22193 447
3 585642 29711 997795 254716
2 495234 506
2 986260 824
3 88571 32718 694778 16161
3 4540 8034 252260 596232
3 46264 114509 871090 492039
3 986826 66982 46782 863010
1 314938 19
2 197508 107
3 457048 342386 245485 550553
1 919816 486
3 785132 429648 129318 321503
1 799667 166
1 338557 497
3 127698 303962 166728 681843
3 10200 562240 893053 973920
1 424476 812
1 258969 40
2 903224 264
1 668282 946
3 668282 546508 668282 348189
2 535511 532
1 588986 472
1 389435 442
2 672935 947
2 88160 475
3 758602 49996 765969 729812
3 101186 261119 609189 375186
1 39616 97
3 477503 635384 34642 751658
1 674649 322
2 836994 231
2 276289 148
1 487891 688
3 159242 911918 853737 558365
1 338229 459
1 553003 464
3 739644 90309 274482 159885
2 681251 42
3 879876 681251 873148 681251
1 272058 272
2 498924 353
1 877442 384
2 39025 341
2 804670 216
1 166336 637
2 765053 73
3 123968 890075 542018 89213
3 519065 541870 915502 713574
1 412995 33
2 772312 873
2 614940 515
1 195243 139
2 496809 396
2 416266 206
3 447947 416266 541283 416266
2 205117 219
2 43428 268
2 311638 734
3 980064 148927 459919 331133
2 574658 844
1 820982 802
2 858291 759
2 512835 658
3 530351 884125 437927 266885
3 382716 764758 788966 703126
2 683496 665
1 563117 422
1 314406 371
2 125840 426
2 778879 208
2 402737 456
1 456817 209
3 305218 560440 598878 323479
1 722811 218
2 439440 222
1 576354 580
1 88971 935
2 626796 575
2 426405 396
3 444102 426405 303176 426405
3 88018 830714 29398 320884
1 860569 228
3 860569 972436 860569 900711
3 54831 612765 197113 568554
3 43358 658129 633212 438458
1 522243 905
2 395951 509
1 330253 634
1 484170 5
3 216788 337066 903763 700931
3 542335 323576 290451 514917
3 191861 521080 834470 243156
2 878244 764
3 69596 132717 99823 508539
3 536989 183954 48764 335170
1 248759 482
1 726257 273
2 182869 296
3 486352 600049 487525 750479
2 942900 332
1 876313 481
1 353854 968
3 800230 574401 187956 376758
2 676290 695
3 753574 676290 79196 676290
2 240681 989
1 31041 769
2 263375 374
3 176158 450515 848780 418695
3 444792 945869 784776 115711
3 988300 419069 595985 562605
1 691759 64
2 730749 481
2 997266 654
3 756127 997266 75417 997266
1 991605 25
2 532254 518
2 344594 989
3 857663 879395 184049 500247
3 316434 82013 996459 663031
2 83649 629
2 86214 92
1 50293 357
2 777965 419
1 393389 262
3 341206 187611 994579 434021
2 797938 933
3 736563 2184 989717 802958
3 813386 244672 215713 733678
2 785588 778
1 324871 414
3 65850 771257 717265 840418
1 778030 163
3 778030 375462 778030 902929
2 605409 44
1 280416 748
3 280416 831575 280416 367878
2 48115 721
2 253225 923
2 697683 150
3 99585 781435 484006 452923
1 821646 148
3 39326 241589 903331 639515
2 311812 572
3 5214 327434 761540 251161
3 523490 678137 762333 682910
3 107432 701710 60593 314564
3 143443 547018 418878 172962
2 653680 846
3 441543 647210 873662 877519
2 991715 917
2 34267 940
3 505886 34267 484433 34267
2 847957 86
1 584058 780
1 89920 851
2 363485 635
3 142734 821863 861390 496109
1 289795 228
3 87368 915902 371989 796134
1 848870 820
3 614876 949304 340829 460804
2 281585 69
3 154969 374113 233866 202451
1 789670 880
2 494069 591
2 510991 904
1 950100 130
3 244368 280011 71718 367715
2 305766 423
1 103487 134
1 735782 707
1 284121 513
2 243794 989
3 79808 243794 361578 243794
3 662842 700847 73614 255263
3 162475 292550 162274 819896
2 136229 473
3 346939 121947 157132 77961
1 526384 251
1 185656 539
1 348749 299
3 348749 537476 348749 24900
1 123554 417
3 123554 688698 123554 723364
3 796594 299627 544871 151171
2 814781 748
1 296000 310
1 304523 170
1 664864 964
2 613433 555
1 306975 907
2 895144 362
2 490363 807
3 161612 490363 12233 490363
1 657161 215
3 750042 302074 855485 158907
2 857249 621
2 470931 758
1 516028 228
1 348902 138
2 811980 540
2 58738 386
1 693987 744
3 92946 295806 308295 992589
1 600044 451
1 374768 779
3 881467 930393 147397 939241
1 119987 145
1 184148 197
3 666223 528158 313235 525943
2 494202 342
2 550403 229
3 399376 173736 185092 152455
1 986179 875
3 185277 6029 185725 414703
1 811000 546
3 117086 277983 937240 256085
3 428841 668715 247365 914936
3 509155 798807 210029 378220
3 748946 540523 792791 114248
1 925508 160
3 505781 13502 547934 538955
2 311948 664
1 566849 778
1 712169 569
1 940719 31
2 298680 302
3 699753 769160 209287 387505
3 789154 380013 143894 524193
3 135834 2572 92809 358649
2 926112 939
3 767518 926112 504938 926112
2 787080 737
2 431480 511
2 28700 162
3 757615 426506 470903 806340
2 875855 660
1 683724 698
2 918056 263
3 306446 87325 153803 407130
1 136156 760
1 954202 19
2 619996 178
1 253148 719
1 650814 658
3 35698 191663 900193 764691
1 968595 274
3 852027 53167 620715 766613
1 945516 917
2 760050 572
3 108161 125875 863260 515565
1 554719 816
3 96194 534761 562744 831718
1 548676 207
3 316175 887957 234668 943876
1 234112 199
1 158654 614
1 628703 665
1 719283 236
1 433143 615
2 799345 131
2 509426 567
3 415195 713812 573783 554744
1 349660 750
1 549216 313
2 236384 499
2 533337 525
3 557611 26727 486603 830339
3 585581 713481 10576 664929
1 552085 442
3 263128 738718 841938 670294
2 852344 659
3 575822 489765 269007 743892
2 24759 71
1 601008 172
1 585693 253
2 47558 456
1 777971 632
1 349844 354
1 337416 282
1 760441 555
2 626730 106
3 941634 783417 198186 957615
1 972947 37
3 376892 256675 888685 223698
2 190565 599
3 931454 796646 88053 572882
3 123537 987357 610803 826579
3 985546 719302 413757 986575
3 437774 745286 552205 640293
2 699253 350
2 803953 255
2 486936 861
1 262678 900
3 117500 929097 966700 602998
1 648608 704
3 301848 802451 396413 948300
2 716249 911
1 96023 35
1 23199 557
2 520928 186
3 646824 520928 939634 520928
2 801407 366
1 814980 573
3 77832 886622 480418 357630
3 223190 562857 641290 786829
2 351963 327
3 776072 311121 586407 169496
1 404685 910
3 755305 872423 60676 505499
2 65898 630
2 36661 491
1 806829 161
2 173514 436
2 688601 351
1 213425 739
2 781337 438
2 920822 473
3 566009 452533 84511 278041
2 761991 274
3 332272 139113 138707 157744
3 621189 908256 917364 951291
1 866887 651
2 936607 838
1 233365 398
2 267619 84
1 530073 979
2 435546 963
2 222433 680
3 567528 819423 168460 514584
2 658243 485
2 62201 262
2 853304 232
1 410666 144
3 410666 54650 410666 521156
2 755013 67
2 902526 963
1 469996 888
1 327781 562
2 967043 394
3 261052 757181 562766 266712
1 776477 44
2 598350 334
2 139240 409
1 692045 464
2 887850 589
1 786981 192
2 563063 799
1 615298 406
2 276426 240
1 537103 397
3 537103 10240 537103 751453
1 957404 568
3 575962 877071 407374 807191
3 651104 758446 431336 389110
3 17865 70596 869852 685006
3 534122 487468 256591 169637
3 199167 99380 942246 723328
2 780189 676
2 174277 417
3 791166 196397 44383 940836
2 550662 764
3 929082 757746 375510 122163
1 36049 488
3 307295 883143 593635 248320
3 326996 491998 883124 137289
3 720221 593265 129091 820994
2 692383 551
1 285454 16
3 285454 192585 285454 375079
1 261281 597
1 106540 375
3 346374 88962 649710 813677
2 439763 976
1 489371 888
1 210246 491
1 107679 186
3 752966 402520 110479 293140
1 933452 463
1 118737 219
3 118737 651305 118737 974150
1 427121 376
3 189497 912037 728329 628331
3 703486 954715 165915 429285
3 295816 745070 253012 69581
2 291576 874
3 560048 652937 882238 6734
3 811113 369515 704625 533658
2 149388 597
3 741715 684187 668127 541398
1 523519 477
3 13430 138009 97796 764384
3 45138 352658 502549 438090
1 97130 756
2 602091 575
1 610867 683
3 454546 433441 265404 272110
3 332869 400266 582122 720078
1 653990 674
1 117378 664
3 117378 335490 117378 810509
1 410592 673
2 842668 726
3 465201 821936 501890 57607
3 51089 478140 59499 810491
1 129253 903
3 214599 229667 767143 837985
3 798837 208111 183990 664425
2 865059 328
3 667407 836787 520950 747694
2 97938 439
3 394700 936978 502859 603623
3 991851 576864 705292 125804
3 475278 120401 528502 591933
2 138684 910
1 290374 833
3 116779 433564 303896 464917
1 102301 554
1 270493 354
3 190314 97999 522209 360878
2 904645 439
3 577759 325895 336407 444820
3 947068 446830 53374 775782
3 490381 121127 626431 367814
1 129483 957
2 462139 879
2 210716 699
