2000
3 329105 930367 671440 178059
1 74874 612
1 728788 560
3 337894 14747 870038 683572
1 832659 708
3 697740 592502 517370 516613
3 91364 222722 330275 158048
3 900908 736732 427178 582766
1 631985 160
3 631985 160949 631985 351076
1 666322 626
1 592535 319
3 441732 390590 822982 663579
3 507174 281905 992593 721145
3 766743 337990 417670 911760
1 299712 53
1 709095 251
1 182192 693
3 360037 86608 474240 434736
1 503966 890
1 941058 424
3 275344 54278 452961 893799
1 890744 507
3 890744 521865 890744 112553
3 401513 462356 852322 682835
1 86152 636
3 833940 504763 518433 261748
1 385428 411
3 932081 19304 596709 117508
1 914188 166
1 113593 401
3 749535 37454 481451 189287
3 221006 82331 950736 824674
3 383713 777152 135562 555927
3 555674 273167 336201 219875
3 84095 199606 376028 219899
3 298460 552797 457236 891826
1 474712 784
1 547883 338
3 547883 507781 547883 675729
1 559624 683
3 559624 542918 559624 227223
1 737590 222
1 42613 15
3 291359 528710 398599 594855
1 704458 959
3 102611 765963 56654 728127
3 136022 29818 958493 615383
1 220786 187
3 63759 683745 676360 91712
3 147691 162775 15200 294935
3 931493 356018 182668 494271
3 290902 731757 128452 318469
3 135972 506855 238227 775317
3 298324 49533 843599 309850
1 431060 582
1 12462 808
1 385457 241
3 145614 522063 291845 667448
3 404074 579910 475200 270266
3 26875 525299 536808 152751
3 873711 776606 463201 817353
3 987158 238097 953526 584015
3 176698 925988 237836 772336
3 520696 359413 851776 495043
1 739074 165
3 158806 484918 107472 847171
3 376722 690488 746487 915968
3 956747 660317 880206 145456
1 379990 788
3 362872 240661 111464 345559
1 637438 33
3 809178 563342 463387 653760
1 965075 477
1 930644 857
1 322960 574
1 46597 548
3 671846 117410 889065 647610
3 621490 566779 377820 385037
1 436098 668
1 862127 523
3 169261 99398 41385 664849
1 30089 240
1 782069 579
3 782069 402518 782069 403222
1 538308 215
3 644013 471198 787014 721513
1 431069 480
3 800847 510588 290063 926356
3 234288 940781 71943 728050
3 744939 659251 386335 275918
3 613160 98226 177965 99169
3 888658 714228 750097 445678
3 91499 189010 225246 614804
3 785350 177369 584446 302358
3 101031 360509 176152 123984
1 118509 890
3 40171 356811 267690 90134
1 298617 917
1 118910 505
3 717849 729654 695631 607429
3 316957 367962 23263 817376
1 48874 238
3 400541 500988 500886 153312
3 244605 903796 520869 133101
3 204794 931103 867939 506357
1 993123 379
1 89501 934
1 768227 759
3 768227 401394 768227 144843
3 207698 42442 650244 308073
3 551445 451636 314364 52728
3 951148 110360 28853 959038
3 356794 614370 473968 33686
3 676198 562706 866519 926803
1 937076 362
3 937076 681745 937076 306093
3 248843 98949 729025 512529
1 238357 353
3 238357 156256 238357 98981
1 437808 699
3 502763 110630 921025 692854
1 67505 348
1 22046 138
1 320149 56
1 597488 577
1 413795 537
1 23228 891
3 842946 117344 899739 555034
3 398002 400158 997249 586924
3 32855 837419 905486 5347
1 226673 301
1 604732 185
3 604732 803381 604732 815935
1 869803 760
3 869803 830186 869803 281763
1 832080 516
3 454037 610426 783895 243909
1 886793 945
3 822185 717209 855119 872524
3 500729 348421 461041 451602
1 964723 921
3 186033 634604 104187 585620
1 546824 601
3 570587 37509 828754 8010
3 207163 96459 375656 365883
1 413930 60
3 413930 280084 413930 460098
1 517585 197
3 517585 246111 517585 480917
1 276498 444
3 118298 518794 246794 26251
3 11200 832959 125745 80303
1 805495 651
1 389074 263
1 24705 445
3 193691 604975 266206 608160
1 551322 262
1 731053 675
3 486848 913501 247827 927969
1 98073 28
1 330527 883
3 693419 998918 316102 810163
3 343141 716665 514321 93462
3 884188 888536 484773 896858
3 416811 284050 215524 972050
1 926755 11
3 926755 393289 926755 551203
3 540768 690534 652952 694325
1 277885 99
3 938929 260816 499862 849852
3 267030 185876 8375 954743
1 362631 591
3 362631 863690 362631 415125
3 813961 84565 71724 18818
3 297182 318261 134545 960320
3 312954 985219 928800 862692
1 304503 791
3 371029 765444 450532 554763
3 431463 745506 447816 253164
1 56708 156
3 584814 648876 249352 582677
3 238223 163130 982024 556664
1 740379 261
1 266149 122
3 746233 720938 116166 687902
1 205432 830
3 704104 439965 333693 776420
1 28082 408
3 205786 651797 241819 49185
3 222328 880582 600685 759603
1 890274 776
3 477516 231382 182212 628623
1 969413 783
3 687228 832792 681320 884513
3 283759 817576 468391 843838
1 621713 559
1 242166 594
3 370531 965408 615002 277655
1 791598 56
3 47045 799627 683908 805887
3 347445 638616 924543 153944
1 664008 980
1 260520 989
3 798313 594934 543073 401158
3 264275 765653 823498 951103
1 659253 508
1 648656 334
3 648656 829986 648656 742271
3 643272 443235 665055 797968
1 331504 247
3 717808 164320 611011 150258
3 696699 84790 964710 552410
1 887720 324
3 98330 941327 512477 320419
3 85381 811965 253500 732736
3 833537 327790 870861 68580
1 292575 268
1 408604 719
1 18116 837
1 496527 78
3 29295 282713 623021 923177
3 38835 702368 621468 629326
1 93851 789
3 20762 732162 303524 324934
3 518303 473121 880458 9797
3 13190 383042 53317 342004
1 716778 301
1 189264 86
3 68204 965426 971635 30085
1 677772 508
3 73204 747832 632616 382887
3 133203 63873 713103 293322
3 49031 744449 802434 3700
1 636657 235
1 780172 594
1 867184 411
3 536254 376508 617864 900906
3 464151 980371 399675 988966
3 716134 715644 253040 685107
1 340279 899
3 776173 366832 119876 126103
3 947817 887503 283764 322805
1 376931 191
3 938890 870279 109142 831514
3 630324 293767 920621 916955
1 380352 639
3 561765 448331 351998 183722
3 691231 168141 774100 945167
3 368539 234286 216996 126087
3 930215 18394 588040 341466
1 408775 699
1 606298 18
1 41085 59
3 882763 838038 561516 760388
3 498676 30340 276390 44322
3 428617 359226 769193 465556
3 238781 100044 85140 958266
3 296087 358125 234383 707668
3 352004 560289 588552 174772
3 626332 618347 961899 278352
1 567518 281
1 206229 17
1 922396 233
1 146855 249
1 660076 905
3 82510 594363 803296 916879
3 195949 545857 207287 14023
3 639749 365753 518792 658027
3 976519 508286 196096 765443
3 125628 641821 652969 592649
1 98585 675
1 353844 313
3 511849 643614 348777 966666
1 551255 376
3 593268 150843 923171 456058
1 52608 135
3 454459 474168 484772 492
1 104383 274
3 647042 907871 632839 574483
1 776001 900
1 663844 167
1 190552 229
1 508489 773
1 315929 867
1 392871 142
3 295797 733821 113631 751124
3 613461 160790 106696 584338
1 716655 63
1 939593 289
1 808489 18
3 20211 55139 564556 167575
3 735641 995116 964013 612116
3 340696 398970 778919 121694
1 143111 687
3 943151 719404 57061 857216
1 685340 951
3 304381 898208 920189 216883
1 339890 919
3 339890 744701 339890 721287
3 763209 862837 928291 114151
1 666430 150
3 666430 844577 666430 374158
3 833034 260248 655928 830125
3 395009 378949 287316 811170
3 457234 972946 606471 665982
3 632792 427952 38240 356659
3 30492 492402 772719 326629
1 285773 250
1 828514 904
3 193365 599947 620914 158749
1 66542 846
3 663777 829125 690155 954910
3 963872 475810 307012 700781
3 181104 598006 836485 103672
1 83350 413
1 79534 697
1 810420 341
1 278141 857
1 678300 728
1 754879 216
1 473224 77
1 377806 405
1 803431 401
3 803431 963617 803431 3156
3 581200 757404 254817 59323
1 307426 855
1 734706 939
1 170479 534
3 337818 124852 602242 827778
3 304756 368864 595617 943378
3 816156 996563 595095 824967
3 41402 83683 346918 914664
1 724766 339
1 444367 740
1 934366 583
1 127948 313
3 102812 385762 775413 914047
1 890455 836
3 711931 324064 75961 142542
3 909166 971836 653424 527270
1 42871 360
3 45826 470801 668412 667328
3 139004 320470 771054 902152
3 968247 637187 244557 574965
1 340233 727
1 874004 383
3 996826 42505 20111 657303
3 841215 755082 552125 510223
3 134676 973486 600413 78586
1 692671 866
3 286695 7392 372742 776179
1 302176 285
1 667139 683
3 805990 480452 127065 558115
3 452338 988918 733128 908485
3 259174 957605 85259 843677
3 293849 890315 73468 887739
1 717138 300
1 256555 987
3 626878 310332 143775 233346
3 676175 123978 185637 73126
3 24163 670560 830455 214793
1 896774 51
1 757790 379
3 757790 258961 757790 545600
1 269913 482
1 626351 617
3 626351 273364 626351 98888
3 419372 588877 366171 321792
1 712145 676
1 763897 709
1 894709 610
3 296065 714220 544118 17927
1 199342 728
3 163501 148993 46174 348687
3 774565 858493 79219 179533
1 168763 973
3 632359 848835 118733 395733
1 970265 473
1 148878 786
3 724342 790893 3483 636681
1 879774 217
3 516634 11711 116038 165339
3 784910 823744 129351 292621
1 187095 675
3 768585 182150 812401 119613
1 903486 485
3 582447 917171 171058 800703
1 199753 548
3 342032 396106 81727 529632
3 964295 594451 730653 418785
3 766128 91614 963600 166007
3 739288 195652 825529 870408
3 424692 266454 853294 204595
3 552185 468774 440026 595202
1 615536 957
3 930705 622670 520270 432999
3 822856 788755 78454 389427
3 913099 388496 966470 617520
1 667631 828
3 927379 616347 913638 144587
1 809823 646
3 588915 677002 420707 797277
3 907139 79528 766773 76390
3 657446 299457 962211 956531
3 812187 674348 79476 419408
3 755332 708264 815382 451837
3 262855 945870 668798 37747
3 18320 295322 715744 348860
3 142672 37351 727717 16230
1 664290 107
3 133594 252750 731829 783123
3 665285 978509 149387 842056
1 350942 187
1 732324 781
1 961663 611
1 656036 389
3 128319 698449 69416 725333
1 978695 418
3 901327 178647 700244 613190
1 918012 633
1 601202 401
3 680557 120156 49958 222112
3 263249 192442 490973 557580
3 27250 734550 387275 766547
1 947154 918
1 797315 27
3 594251 679223 168737 528173
1 315989 74
3 770565 363203 356704 179230
1 287426 861
3 23928 821004 620859 550016
3 542116 421237 297227 25496
3 521108 214859 138572 385859
3 547110 687464 662802 840244
1 511053 237
3 712250 702980 606291 260305
3 517732 614443 629271 236475
1 999621 196
3 154756 334515 502280 666824
1 686126 297
3 821460 650186 236021 997316
3 408485 412228 816993 755339
3 907552 692530 16483 748572
1 112544 585
1 598182 293
3 598182 319640 598182 98526
3 19951 69114 323992 264984
1 883895 937
1 433987 710
3 538063 494672 942420 393201
1 294037 730
1 460382 69
1 204737 632
3 465706 404303 281502 154606
3 878720 449037 41114 6895
1 856441 487
1 972157 543
1 881506 510
3 547053 182473 206073 216732
1 402217 764
3 641170 879278 293460 491870
3 866984 996854 908145 701261
1 289125 668
1 263582 754
3 942326 488001 829404 829773
3 118461 95473 505181 37509
1 679128 487
3 344639 768821 455310 692064
3 666017 433257 926960 103549
3 275548 345909 45088 320768
1 558283 228
1 976929 90
3 884873 946019 958059 726838
1 544845 185
1 599038 400
3 371076 872643 9291 497401
3 566367 546141 621524 190592
1 859784 599
3 948220 53298 871665 86539
1 830739 561
1 108581 21
3 108581 354071 108581 407129
1 213976 774
3 754221 237766 218567 954286
3 826074 515610 319398 321477
1 231311 760
3 489676 536329 430171 21354
3 483694 879271 343296 171873
3 446656 476707 969162 927126
3 423893 323327 692702 777
3 762742 679555 212094 4082
1 909237 494
3 534852 530020 433656 335696
3 328764 39053 560233 523857
3 617785 208927 340401 489749
3 871706 463745 971672 393
3 260237 896179 689579 376950
3 173168 126597 853113 188953
3 881686 106594 994248 681532
1 555362 495
3 555362 381471 555362 35630
1 884712 834
1 711092 119
3 711092 461110 711092 900613
1 252880 754
3 252880 449537 252880 678554
3 207889 74320 413983 447897
1 291992 106
1 505618 766
1 495258 254
3 334909 151980 608797 329992
3 338956 400124 435911 605897
1 894135 928
3 894135 676767 894135 248360
1 901253 359
1 628576 454
3 895048 93079 177032 187653
3 821335 501283 151887 544043
3 696063 18708 597406 892244
1 696635 590
3 570669 466118 859647 728881
3 373510 516019 902319 409851
3 635648 388365 680391 108710
1 296313 925
1 460244 402
3 188199 825503 157247 463006
3 367633 617448 44762 69275
1 594950 764
1 491034 322
1 206495 643
3 293450 104332 152142 392376
1 784237 747
1 654289 894
3 654289 303843 654289 280399
1 126930 10
1 578380 669
3 578380 651999 578380 424514
1 66755 687
3 66755 549069 66755 260986
3 82691 629959 512523 109470
1 326870 854
3 415718 744525 772952 355313
1 813228 194
1 504445 101
1 497664 152
3 497664 488167 497664 319782
3 393761 732493 268961 613529
1 383437 716
3 287400 278283 188311 292941
3 756044 126396 297058 89401
1 789824 734
3 700554 11614 337156 355371
1 810499 284
1 449579 25
3 46351 55538 527186 104974
3 239826 46046 843639 773344
1 525489 410
1 947863 93
3 398471 605000 428133 543801
3 660767 925101 71337 868371
3 281116 314688 288476 145292
1 104589 41
1 109734 55
3 109734 408755 109734 401766
3 338140 718242 575817 10089
1 802321 564
1 204855 24
3 416387 631003 161741 763121
3 709114 10941 807400 99613
3 844228 463237 785723 459265
3 764254 803012 60748 600834
1 703595 119
1 833279 539
3 522321 320817 455137 223780
3 349388 610756 535458 970993
3 653088 792283 254364 51103
1 285895 218
3 506964 739589 564788 927702
3 118297 55578 740632 925823
1 397117 373
3 134797 515573 91670 964412
1 857787 3
1 966386 468
3 966386 591981 966386 470694
3 283995 579435 541016 910940
1 11468 648
3 11468 811036 11468 690238
1 883984 352
1 361983 377
3 446397 855928 699220 389215
3 828218 370479 972697 770877
3 448788 111923 791526 379942
1 905266 441
3 905266 833690 905266 501974
3 446369 788190 267893 948857
1 385685 650
3 661627 37443 691682 182519
3 429319 81123 257304 470725
3 140724 225452 989080 423365
3 135551 928645 606439 262557
1 430838 676
3 890345 670589 863847 477984
3 284555 164145 896724 579778
3 678296 731920 92222 29254
1 718836 974
1 854936 301
1 277960 420
3 943473 920108 98691 613427
1 193950 93
3 193950 310795 193950 881106
3 181601 529242 442368 868340
3 431623 917049 747994 988749
3 36925 578530 245840 300633
1 887887 35
1 81105 216
1 861935 959
3 437493 512099 640719 788322
1 673945 759
1 928754 342
1 977724 895
1 586851 961
3 245216 312380 452517 224893
1 40751 845
1 648321 125
3 164159 821355 824615 220051
3 34154 46965 828396 271123
1 576514 203
1 342203 327
3 678221 814468 201009 642570
3 762969 765302 427844 578080
1 188182 635
3 148754 442823 467739 933544
3 160579 520452 508979 2541
3 727672 634846 407777 308295
1 217568 127
3 388822 882375 980968 359506
1 409673 236
1 157627 616
1 891022 598
3 724300 37719 441291 670437
3 894090 251699 255320 6769
3 373958 801917 780408 668846
1 184540 850
3 27594 45382 465929 346799
1 244046 137
3 14751 128911 470404 312052
1 414515 524
3 682292 228976 906620 668132
3 12470 564598 206030 220750
3 823477 447012 817744 484179
3 428112 179721 689304 880531
3 808162 725634 228522 457984
1 619641 139
1 503677 933
3 912621 29835 401322 936552
1 966610 220
3 462308 560995 97115 316948
3 326048 139723 445943 129774
3 101419 154894 896268 72946
1 719578 382
3 754314 398392 925088 260285
3 494751 12613 222342 853024
1 205801 419
3 999133 60931 57531 383056
3 82583 798343 292482 65789
1 564771 892
1 370409 458
1 972984 896
1 877890 235
1 992594 13
3 62354 257642 720230 55476
3 67344 218467 773388 480868
1 463175 959
1 562404 295
3 752272 270289 440398 998936
1 295421 832
3 295421 879069 295421 490720
1 405981 181
1 83173 339
3 762052 922854 393180 162890
1 375646 510
3 368127 863331 160409 669042
1 436070 651
1 123006 868
3 665305 655039 596995 932540
3 762648 84083 11270 339671
1 711727 208
3 192481 499928 911987 343339
1 778212 859
3 638709 663638 174352 290827
1 445966 774
3 240821 565492 602877 547662
3 711998 729382 127813 662378
3 211888 470981 598084 90911
1 863293 342
3 653174 602764 641960 713205
1 341064 443
1 945417 33
3 748197 519901 560249 886656
3 67480 100228 777319 430630
3 709685 854261 909514 460164
1 755854 104
1 129733 751
3 129733 586054 129733 422573
1 957744 395
3 606374 662513 262665 932353
3 951610 117119 65313 116716
3 568764 140639 840975 28294
1 670406 949
1 497726 361
3 472644 412891 40535 771386
3 217201 759880 315491 426670
3 798238 244699 630142 861692
1 429131 646
3 429131 975752 429131 324741
3 471868 337750 955651 84692
3 434538 193965 211379 528834
1 239317 307
1 988617 783
1 421859 271
3 635152 70832 261657 360843
3 565922 228504 173741 601969
1 624518 439
1 104912 708
1 77376 933
1 938152 261
3 473096 944588 796518 704804
1 378738 104
1 332617 37
3 537103 460394 722209 354287
1 317290 813
1 256161 747
3 68478 923115 876922 565295
3 913036 772172 935406 52401
1 517349 495
3 517349 883789 517349 2892
3 948104 322343 248367 385174
1 431579 551
3 228523 629751 214375 677342
3 506927 691673 117208 971976
3 725328 837553 841989 241129
1 962588 788
1 322263 217
1 387990 847
1 914977 246
3 465569 114520 574061 417286
1 622492 278
1 647131 309
3 647131 687683 647131 544988
1 604369 955
3 920894 57238 201438 774558
1 735584 273
1 130727 403
1 263597 882
1 122537 830
1 170809 564
1 391437 166
1 864001 572
1 341454 513
1 70962 190
3 290254 480084 886325 492086
1 142343 748
1 736077 505
1 799901 879
3 575027 10292 573666 650010
1 674331 881
1 492178 319
3 492178 60379 492178 466515
1 443216 257
3 443216 296711 443216 479082
3 988970 257494 695886 594306
3 765782 312958 495665 956559
3 687373 33312 550999 874318
3 748777 945664 874066 387532
1 49970 547
3 955489 112103 572579 916446
1 586819 987
1 193636 445
3 438084 61520 915211 81134
1 147275 799
1 953089 992
3 177867 206928 88387 68173
1 12964 114
3 543835 805279 939274 286582
1 828274 527
3 995950 588164 558193 776619
1 877380 569
3 398349 630463 679642 792550
1 347750 350
1 416637 130
3 131030 832990 236325 669441
1 61373 176
3 391869 811851 435880 975590
1 930925 282
1 378671 297
1 127120 492
1 131243 257
3 798088 477054 826046 576655
3 179877 580185 736190 916567
1 915333 420
3 263561 903673 406585 422702
1 954629 738
3 954629 416999 954629 203146
3 572777 922091 260232 990117
1 544603 156
1 10514 355
3 510243 702611 718738 213163
3 664973 693047 958109 213059
1 708612 674
3 761518 782494 41881 124744
1 290268 458
1 946828 104
1 87348 249
3 94507 891975 188986 504964
3 189149 358166 536398 642306
3 521497 950506 641278 338746
1 104088 177
1 212403 284
3 160765 255819 655699 377243
3 42307 22459 433669 160285
1 253457 1000
1 737490 183
1 825440 766
3 486999 813116 713427 683735
3 299597 814855 986932 451103
1 371052 978
1 196030 34
3 928393 723210 128711 449311
3 963067 496575 101444 580353
1 880721 290
1 255362 6
1 938726 858
1 429725 174
1 286186 801
3 286186 105849 286186 212338
1 976715 285
3 352361 758971 689690 539928
3 444206 454750 244806 36640
1 610565 768
1 97945 151
3 875367 132499 93452 100605
3 780740 190700 725997 613753
1 184559 669
1 223500 23
1 491717 911
1 267165 305
1 826376 335
1 169884 54
1 157105 229
3 157105 790012 157105 775401
3 132645 402038 717797 250162
3 701012 950652 813225 238085
1 262927 253
3 298692 781431 432492 735629
3 663829 135610 751544 827731
1 925445 824
1 386516 125
1 462075 7
3 591722 450552 313823 395269
3 282594 690019 894814 728311
1 119548 117
1 797234 986
1 788491 410
3 788491 927876 788491 236516
1 671160 623
1 486468 873
1 138503 106
1 292620 998
1 365047 315
3 795578 919807 237521 358802
3 938646 246334 509880 488411
1 217379 331
3 940432 962287 547387 873821
1 60831 436
3 550535 185168 549517 300350
1 534720 828
3 877601 158553 525062 466830
3 127862 34281 378875 44806
3 230004 151698 153719 900404
3 142473 389972 126799 408787
1 735393 979
3 735393 479381 735393 56279
1 766064 65
3 281107 918688 990498 516072
3 799762 681222 457714 344893
1 242826 642
1 603553 283
1 174418 384
1 366929 614
3 97593 877730 827192 879788
3 798607 40642 465823 419688
3 199678 995105 714542 602237
1 691380 575
3 844788 114603 514312 451393
1 874038 85
1 557760 128
3 464768 651329 83959 158122
3 56666 767449 731397 715064
1 492793 52
1 474430 997
1 593790 567
3 750478 136441 599274 584378
3 950650 607051 68460 795274
1 481481 48
3 873152 226594 940129 45396
1 282487 725
3 282487 433932 282487 799738
3 480270 898906 649328 828212
1 956283 220
3 554267 261247 585754 996545
3 170700 685300 257348 170781
1 831598 884
3 486483 735546 552422 231465
3 8555 789139 688357 288568
3 228298 685172 290868 370228
3 488914 872827 297029 863245
3 843102 855467 366081 436611
1 599325 407
3 397900 689757 162564 405088
3 225090 499804 690636 43851
3 789569 540004 552879 622596
1 539323 614
3 858455 692130 312159 524161
1 706435 133
1 264165 596
3 323305 18170 202200 139395
3 838021 86125 481952 250712
1 111998 848
3 483499 984251 775630 583429
1 98011 981
1 62540 406
1 602696 623
3 447565 499937 4593 391217
1 343486 804
1 303136 841
3 483428 265003 790298 250727
3 393680 21157 528034 946555
1 861653 237
1 230508 968
3 667462 90078 987422 543335
1 739346 245
3 668554 6577 521710 590608
1 109440 109
1 792062 721
1 17029 274
3 565844 834224 118354 85344
1 305551 4
1 912952 499
3 268109 479057 671260 316848
1 464511 877
3 986926 650443 747579 797359
1 307838 222
1 79112 105
3 821464 927484 745283 609588
3 781105 578680 197507 362902
1 682030 979
1 558771 550
3 558771 44227 558771 999314
1 265746 365
3 83544 740492 724907 115042
1 213391 461
1 902232 616
1 340565 83
3 65205 724472 781050 138238
3 631655 990004 841619 482422
3 959772 128387 985857 74030
1 970737 459
3 921570 943957 815525 297950
1 486868 45
1 889954 730
3 63757 188022 309098 243079
1 560457 914
1 224244 729
3 121448 830637 691416 33387
3 808267 924888 186446 617816
3 491962 775749 687867 88223
3 301686 888183 596731 33160
3 604642 4913 700407 966747
3 481203 660341 201805 329134
1 931633 770
1 714870 50
1 483223 54
3 307308 655293 313215 972261
1 450120 374
3 450120 369658 450120 241813
3 216303 556376 255158 232740
1 798478 15
1 270141 717
3 485800 697142 133976 582130
3 478236 114432 248161 534450
1 478234 794
1 263423 696
3 71429 306602 666162 368302
3 553525 320311 930352 387466
3 843422 606612 553705 235513
1 581026 352
3 780692 556898 232036 345980
1 823232 466
3 988002 825488 396984 488025
3 914897 127287 820815 36149
3 202594 166230 787163 785655
3 46785 401691 625074 792655
3 344723 531226 630709 226963
1 672389 330
1 332619 65
1 498279 387
3 498279 474563 498279 124706
1 727230 761
3 546262 320757 25352 975720
1 601455 368
3 519858 716827 414938 449592
1 945018 664
1 757317 112
3 201723 370703 457354 231762
3 368087 601240 232965 986031
1 325341 327
3 190024 711720 287975 467154
1 846843 918
1 137643 464
1 134439 271
1 485132 150
3 687513 584971 852972 882737
3 286468 711333 497907 111347
1 698465 636
3 698465 641892 698465 256599
1 537935 137
1 792511 754
1 13429 369
1 125001 239
1 434222 383
3 434222 731772 434222 71078
1 219577 583
3 144562 305703 679743 555175
1 700229 16
3 700229 590571 700229 886020
3 150025 719065 858658 22666
1 105811 858
3 944843 748631 502190 614681
1 781366 516
1 232760 211
3 686879 184999 52530 433978
3 795296 363194 520853 602474
1 1204 10
1 89943 363
3 661728 439954 904454 879174
1 607808 644
3 709009 531471 916256 853267
1 228303 945
1 173007 387
3 529399 850441 889680 698903
1 407202 987
3 77380 832235 290702 334471
1 28287 213
3 673213 938621 670216 719457
3 709389 699823 240592 900509
1 487435 939
3 131969 380112 26204 877536
3 191034 714450 870230 139500
3 439818 3594 642875 621161
1 838700 550
1 134528 32
3 963132 784346 495548 653594
1 828873 386
3 763099 259712 904771 459551
3 182355 202735 749379 573320
1 545512 877
3 640563 426883 901561 449545
1 650418 399
1 41399 589
3 614964 433944 922335 228157
3 131503 56471 541478 943743
1 987990 456
1 136779 643
1 321462 191
3 311568 482995 407114 400393
1 678898 282
3 973134 304163 696830 219630
3 265853 458542 443230 170884
3 49201 119494 751377 7246
1 825129 605
3 59398 827274 878272 261726
1 463009 619
3 69284 239809 785052 27283
1 283973 754
1 980892 11
1 43411 95
3 222625 621005 170899 954314
1 843929 35
1 841335 686
1 470802 897
3 23349 523021 944110 195513
3 998037 527932 621111 512814
1 467451 292
3 901915 700927 187977 666409
3 754426 928073 670706 283335
3 64165 774034 796942 220048
3 434257 467292 711826 131166
1 887013 592
3 280934 91260 544675 74072
3 763960 903603 969159 948634
1 542452 720
1 430709 232
3 561635 373103 123175 512527
1 590106 660
1 438414 737
1 675041 131
1 339155 71
1 302245 453
3 165793 636729 554119 613600
1 164767 567
1 785238 167
1 143752 805
1 269893 375
3 269893 416814 269893 175632
3 434329 596045 203566 180141
3 58004 3781 443266 575092
1 364793 631
3 157741 370422 122710 107746
1 379769 894
1 226842 185
3 289776 73438 250659 210995
1 827848 825
3 561517 231440 949115 651514
3 997637 909728 546260 830351
1 420585 348
3 521657 747181 495243 557274
3 77365 626852 503257 406378
3 436666 568169 151913 288716
3 716886 406013 97789 325118
3 439693 603247 290049 663475
1 938681 126
3 987233 26144 550095 626990
1 641104 291
1 606104 903
1 276613 59
3 920616 950279 623264 178301
3 574811 145800 655001 564708
3 364690 136291 491797 479080
1 604483 821
3 685847 407075 476747 592383
1 141154 640
3 42608 691850 264695 157849
1 689793 846
3 87481 193162 232456 540403
3 386194 959527 291706 940948
1 875076 500
1 368255 467
1 865078 867
1 289710 105
3 966294 676981 380976 456847
3 533295 505409 262353 947996
1 150981 789
1 10933 186
1 558843 719
1 823886 861
1 178860 427
3 542648 712928 835866 577838
1 886863 748
1 437683 273
1 212805 826
3 44407 186031 392220 287568
1 127685 544
3 991194 209275 475449 291947
1 675571 498
1 878223 903
3 242590 318735 618039 434007
1 426409 481
1 183114 624
1 980796 510
1 32404 934
3 630828 414100 692959 862778
1 467684 626
1 890137 916
1 690718 129
1 411517 823
1 342655 897
3 831961 611404 42068 499568
3 222695 718744 98102 212427
1 346409 954
1 778647 797
3 778647 977093 778647 485799
3 987225 966788 80589 865517
1 316703 914
1 590658 760
1 850015 26
3 336071 905730 19413 123869
1 593144 612
1 693899 551
1 363947 889
1 196821 364
1 240993 617
1 797823 328
1 949368 172
3 949368 63630 949368 725117
1 89875 894
1 541947 238
1 880856 712
3 48578 544694 869054 143896
3 950860 266712 430312 682099
3 433262 580119 888355 611448
3 216798 378487 741170 248652
3 676745 219016 633213 523663
1 94801 233
1 827450 500
3 525916 64938 198188 555804
3 91296 883438 646548 32845
1 99258 375
1 131470 625
1 994231 609
3 323749 53913 5498 998518
1 449593 810
1 84996 100
3 817283 465999 915369 648777
1 85899 823
3 198289 554916 8457 646959
1 572866 463
3 700758 10615 982851 259296
3 612324 401266 235792 438960
3 207894 937106 896385 572347
1 246881 862
3 619695 963152 485166 9617
1 223902 802
1 109655 884
1 415944 423
3 415944 524630 415944 893617
3 262121 775970 34514 764084
1 377829 904
3 30650 828396 815119 188909
3 325325 875699 387009 702245
1 891785 573
3 511704 692945 473830 242538
1 405503 30
3 548338 966287 555542 929070
3 313295 697141 199971 872513
1 629954 918
1 957440 887
3 957440 446070 957440 928735
3 858762 308863 388313 175768
1 399135 402
3 396568 765238 423131 96565
1 881116 938
3 641126 394646 304178 850769
3 115655 327680 664913 160378
1 52299 565
1 947741 466
3 32239 173439 823988 725506
3 356645 984947 84272 989236
3 851829 365100 354562 588985
1 253366 230
1 268529 913
3 268529 208720 268529 843705
1 116909 153
3 116909 67263 116909 55468
1 100494 274
3 888241 808790 164478 442699
1 336614 278
1 459869 530
3 762634 312711 859278 864902
3 425593 28002 361349 407012
3 912253 59486 573000 776372
3 727419 936828 59412 692575
3 153195 689289 93996 213058
3 385035 402668 406043 242286
1 477719 121
1 239923 577
3 606123 539776 92666 677675
1 711947 425
1 413142 687
3 413142 338066 413142 780244
1 224708 260
3 869057 789490 321923 361038
3 957031 155877 721552 524745
3 656377 325422 232581 619697
3 379061 718713 232620 145817
1 657055 740
3 728935 745383 489786 382956
3 581270 189083 61831 970646
3 446462 273387 492927 74203
1 880504 369
1 951014 798
3 893574 780631 803479 65617
3 278363 502739 834980 574164
3 156606 550619 516369 902702
1 125066 587
3 465846 186225 851250 511194
1 313997 1
3 750382 98185 213634 491906
3 52774 716025 820003 710877
3 957427 163343 617000 442569
3 399969 399761 977963 384095
3 9793 465562 105174 627224
1 595145 136
3 272096 979827 958431 160185
1 216579 385
3 89763 875429 193712 391252
3 85166 56253 784061 867104
1 606662 796
1 902518 92
3 909559 68601 79817 897031
1 809926 359
3 216749 350906 378025 170799
1 3282 910
1 448181 30
3 458595 180341 651926 684987
3 449706 656528 224077 580152
3 192000 110786 521653 307162
3 277112 225518 98353 949474
3 22398 638415 622435 963690
3 134419 279687 737859 58828
3 774943 52882 275059 648033
1 237697 689
1 502977 761
1 711309 529
1 476409 147
3 476409 90496 476409 2687
1 515904 233
1 762275 390
3 252961 165234 215816 459817
1 229649 493
3 851825 650063 794493 31
3 370523 425709 29445 423070
3 851474 310452 439919 375345
3 757700 141324 642290 150342
1 729081 439
3 900852 878766 671649 194893
3 186709 617244 892481 338802
3 385684 570084 801692 842141
3 808619 508806 892359 258475
1 106450 256
1 912985 635
3 722635 710215 954213 626615
3 143890 855279 350440 209692
3 276725 829197 763473 894252
3 796053 409609 348080 677801
1 497811 168
1 700002 505
3 573579 891916 571538 137387
1 511654 976
3 511654 267317 511654 855978
3 872373 359305 620924 26495
3 816379 932476 749370 849801
3 968450 38282 6154 966552
1 873757 962
3 477717 541968 647788 903232
1 524637 513
3 524637 652517 524637 179549
1 673117 428
1 93661 315
1 537105 852
3 55178 481211 113587 40310
1 616269 170
3 664896 299407 495408 31018
1 673714 40
3 11570 356656 133940 803610
3 114066 771415 27503 776601
1 793251 172
3 306191 642805 520369 402460
3 538681 920684 274322 359457
3 615273 907931 312408 235895
3 181482 638445 417276 925272
3 102531 546264 502324 904014
1 81117 316
3 596636 165551 567872 914939
3 957327 126524 666016 301211
1 47483 876
1 794604 948
3 460308 209018 8049 946061
1 155939 12
3 44656 652633 782966 23476
3 13905 733229 651314 619557
1 497732 213
1 342676 393
1 139247 566
3 753513 47790 302607 620961
3 125118 823236 161151 787736
3 392970 159471 352959 689195
3 265321 266302 875251 73686
1 261267 8
3 713168 879033 233324 80384
1 501025 314
1 886137 410
1 504706 905
1 281166 5
1 271697 503
3 731673 224908 35415 792117
1 145941 431
1 37742 637
3 269606 737176 548933 551206
3 658396 329606 154947 696176
3 49340 788809 321529 837878
1 922838 801
3 5278 235608 200455 399793
3 210924 394791 250435 657720
3 200984 866555 254006 443257
1 35422 280
3 419900 377603 134342 994900
3 823925 305804 262281 281387
1 874575 672
3 17307 32965 337737 853258
1 560075 510
1 71348 351
1 550451 188
3 674112 808614 118225 606362
1 919171 737
1 904979 384
1 877478 953
1 511998 151
1 699767 914
1 454703 988
1 310956 826
1 530501 692
3 154324 274230 428701 960298
3 680246 18525 804016 155825
3 140792 46050 130529 906273
3 353357 557871 441632 944090
3 360488 340697 645686 266598
3 266793 464892 367675 518919
3 532652 331720 975532 203360
3 488541 752712 558996 431558
3 14404 386770 197218 208585
1 646234 530
3 646234 620623 646234 354189
3 698957 970644 137799 540834
3 782402 780499 984070 142079
1 656054 95
3 790997 861847 236592 695928
1 975111 23
3 941922 874666 405062 160391
1 83767 416
1 251225 578
1 804847 818
1 845987 977
3 845987 403783 845987 908944
3 132756 183728 121071 939424
1 263940 337
3 206557 206403 243307 723721
3 43170 140991 432019 976175
3 79466 363918 814497 286788
1 600605 737
1 800010 741
3 353326 580663 671012 486788
3 275069 249544 732683 924713
3 414195 773924 617874 290502
3 458887 636276 595809 862971
3 974960 850508 148353 183156
3 456876 723913 531799 850597
1 328615 500
1 488206 713
3 809339 871316 930167 920796
3 164656 743503 410443 298058
1 27695 968
3 27695 161655 27695 298892
3 723057 11364 380889 151651
3 970806 257918 65305 209455
1 409495 77
3 162191 715927 852089 521373
3 836624 960524 230831 17389
3 298471 21985 786360 906688
1 441579 765
3 441579 569528 441579 990327
3 636409 238191 606441 400596
1 740931 10
1 770600 127
3 361996 294783 80204 936360
3 348246 734934 92083 237946
3 351380 393336 408006 475215
1 443178 509
3 181115 128164 440421 64246
1 686159 800
3 835201 232869 430856 413860
1 775718 373
1 930326 625
3 507591 64674 80636 23125
1 877384 138
3 465388 114753 103938 711849
3 386310 598860 797621 794479
3 203704 644856 995386 856365
1 527273 80
1 207742 936
1 790851 767
3 43982 374072 879542 430323
1 538568 457
3 647756 172393 346466 339829
1 325591 328
1 939606 50
3 156692 361350 778008 850440
3 548968 756729 363543 965605
3 713080 213921 670549 476850
1 1005 276
1 985153 738
1 45178 907
3 763568 470608 379427 748875
3 515260 800263 568573 521922
3 651914 765499 434578 237117
1 331175 485
3 581491 218105 519929 210222
1 767554 747
1 314572 112
1 288394 94
3 749897 219809 977085 22433
3 351703 992080 156890 994668
1 956254 786
1 99060 72
3 971302 603160 632450 534704
3 776732 258067 962770 730233
1 270724 142
3 153940 9351 625709 640279
1 885881 311
3 696468 753157 749327 870775
1 507437 338
3 706366 376170 471286 271149
1 982607 983
1 563219 6
3 30320 693613 533345 725485
3 654348 206393 226416 50699
3 102679 360010 44946 667713
1 501393 804
1 587096 909
1 537171 80
3 332930 891591 692074 767851
3 329511 68049 145852 553385
3 372568 948926 296521 415220
1 285231 366
1 411587 393
3 609041 128924 29398 450311
3 317763 818356 998353 636058
3 253800 692259 1684 464060
1 190128 427
3 884196 2913 583992 787155
1 650317 909
3 257493 68839 475175 631656
3 687414 529969 39924 127246
3 221075 713613 213783 254033
1 639485 23
1 65732 210
1 242003 597
1 227516 229
3 969904 686415 524089 778353
1 959993 780
1 3449 235
3 3449 645455 3449 884277
1 669005 621
3 534638 607971 998327 829384
1 553210 563
3 955933 805139 486464 843144
3 553098 122897 284487 973816
3 304052 258032 437475 375554
1 3090 61
1 715611 797
3 151168 762158 20428 603784
3 556868 561129 559384 868166
1 779767 226
1 530277 85
1 898368 119
3 658018 688131 181833 612062
1 375110 173
3 450926 279708 39903 844457
1 36730 671
3 480115 188790 877022 229673
1 475321 496
3 941478 485019 76867 55793
1 104437 36
3 5453 513697 957413 973736
1 402144 717
3 402144 677441 402144 410444
3 374695 205014 104407 15747
1 326573 951
3 376382 178578 193602 556011
1 790737 550
3 790737 541651 790737 359867
1 761265 726
3 761265 6511 761265 662148
3 677810 106164 678775 519135
1 993823 516
3 175944 159508 527790 488762
1 84515 673
1 27989 346
3 9439 939777 76121 182336
1 783760 853
3 238580 340422 573066 126927
1 976029 143
3 344036 517925 632040 645446
3 592713 883163 353985 350022
3 932652 734738 666659 553609
1 676500 960
3 676500 870529 676500 851407
3 956325 431641 478730 513797
1 544779 843
1 768175 308
3 989303 212361 99561 179070
1 923630 85
1 643488 148
3 724270 741440 269991 200696
3 344884 892606 688039 637688
3 774418 88519 877296 797630
1 703781 64
1 667514 738
1 471374 196
1 958911 860
1 952231 146
3 759302 467877 801433 871015
3 531733 477262 875999 5077
1 533648 223
3 572932 881631 199543 157530
1 947221 290
3 947221 918950 947221 390997
1 894154 298
3 161935 354293 179922 950737
1 979483 73
1 417248 175
3 966104 544150 126307 863144
1 33010 768
3 500576 601736 436673 859891
3 535960 824282 689042 27204
3 947259 35055 667363 657356
1 396415 471
1 478198 653
1 18086 106
3 209578 721089 816216 211847
1 626341 711
1 94731 997
3 94731 335218 94731 432782
1 210895 295
1 174011 1000
1 184104 701
3 678762 629810 193151 56260
3 35591 805524 706323 944354
1 544 130
3 834001 286805 142658 831306
1 72763 937
3 125014 286360 185172 169977
3 150844 479280 551594 29582
1 215105 294
3 965149 337497 402932 5478
3 594634 518494 701355 702425
1 805125 393
1 886709 671
3 634969 990402 131282 354898
3 338044 557482 365801 72138
1 244889 587
1 20779 103
3 111868 280987 562179 860580
1 979116 60
3 972085 91686 510000 119773
3 117606 608316 435856 440695
3 861442 435533 731600 965462
1 501225 754
3 816329 628412 796702 758749
3 214103 213005 282372 322753
1 353915 650
1 384950 504
3 669781 960165 367887 390280
1 415212 202
3 510061 301955 80458 832209
1 741638 713
3 121479 917122 500081 916297
1 454945 370
3 938570 598029 907662 834216
3 752024 67105 801831 783944
1 21511 628
3 21511 643306 21511 972573
1 769560 979
3 769560 46141 769560 779989
3 624325 903247 404393 973795
3 57125 127595 444490 931228
1 368351 950
1 281187 479
1 634178 707
3 792469 722353 732939 902779
1 437658 934
1 305578 549
1 231360 899
3 466676 115083 695863 973136
1 107354 637
3 768461 494195 390615 72131
3 129395 342364 805871 180182
3 965616 217209 619366 21935
1 49768 878
3 940232 997632 836876 800398
1 80686 638
3 185784 667285 995349 496370
1 227710 473
1 117795 426
3 712911 8716 379966 992088
1 835393 628
3 545484 974136 346051 643232
1 467873 97
1 21810 549
3 148214 20047 636611 623995
1 817906 303
1 324037 563
3 405768 723139 172470 252188
1 596338 215
3 207093 250128 97179 450550
3 532137 413139 854193 961999
3 276084 728365 153987 684422
3 312820 581122 59191 809172
3 149419 194890 529280 603846
3 702228 881916 927643 485502
3 288305 795280 9737 22184
3 598397 806591 834461 293860
3 922096 704177 641471 191121
3 767650 234163 676105 286165
1 832308 879
3 8728 355168 509460 235527
1 359857 617
3 660722 61899 192125 2641
1 409154 353
1 146302 856
3 592029 328237 474723 438687
1 527618 339
3 127789 553253 264094 720857
3 122795 776001 79862 521193
1 663711 310
3 735917 421714 68438 654695
1 98159 598
3 98159 148857 98159 156569
3 943046 522919 410784 42407
1 442543 362
3 638280 221279 88893 376577
3 212652 608677 453928 546848
1 828336 633
3 156722 308995 459409 271850
3 446924 441555 670280 151007
1 786148 742
1 801750 896
3 801750 396884 801750 162564
3 984059 705064 317189 274254
3 599065 301850 478943 609971
3 866925 399797 478845 205966
3 41283 877962 684294 968756
3 882709 337440 658462 820125
1 162971 691
3 158557 793836 67738 799197
3 951455 135560 335330 457673
1 437804 981
1 765222 856
3 612367 158154 313739 640895
3 143341 353343 592068 818481
3 348923 523982 766459 728632
3 927801 732982 779577 394441
1 686621 901
3 578132 229583 89954 385433
3 968892 649044 158023 365725
1 751116 405
3 639819 848175 504180 561515
1 435307 523
3 606842 89747 852656 177464
3 703897 721295 832336 339427
1 707276 725
3 673983 780468 17241 928604
1 997250 993
3 581989 583100 80843 817442
3 539438 403212 201590 869790
1 636775 420
3 316916 705419 474155 958669
3 61374 661334 590046 142447
3 155 62919 486565 965752
3 57899 559127 994270 46400
3 998177 70470 131485 246587
3 55972 999099 307699 602877
3 983106 84813 679443 515339
1 112317 780
3 518236 884488 360939 122416
3 429889 783726 880252 55221
3 208156 134593 527542 906105
3 258992 166956 383177 652497
1 446569 9
1 34118 187
3 946339 673991 588203 308903
1 928638 131
1 858040 755
1 919318 528
3 919318 613157 919318 753145
3 594229 443682 579044 598393
1 427306 101
3 427306 33930 427306 647101
3 735283 948244 940247 275176
1 93136 572
3 222094 550183 387607 577468
3 373766 530092 758470 986885
1 64351 858
3 425428 250338 542628 723714
3 644433 807621 90108 314287
3 658101 296596 162290 277966
3 680089 788695 517511 117219
1 833063 583
1 48780 433
1 923900 573
1 759406 125
3 107813 324248 882184 856516
3 740450 527704 986425 883795
3 845524 118260 445061 657727
1 934973 631
3 671052 739540 148044 534100
1 977606 951
3 354932 479680 183099 573099
3 985072 655938 481262 93071
1 498883 978
3 517298 155766 181951 572070
3 497808 680072 542866 759136
1 31904 466
1 132656 72
3 17251 659675 927064 47849
1 926423 230
3 293395 12933 682324 722309
1 845845 455
3 726516 722443 458245 974138
3 143283 566154 773905 416033
3 441142 336501 980154 170586
3 774667 416465 557469 409018
1 459780 596
1 970772 645
3 792650 792726 456288 388388
1 745755 806
1 736094 516
1 71261 562
1 736559 324
1 39611 202
1 615377 535
1 207043 686
3 335454 815960 84446 318159
1 582958 365
3 582958 344922 582958 635597
3 65939 716118 785264 668470
3 989629 360090 786172 829001
1 726200 671
1 720541 971
1 164557 991
1 485996 207
3 376311 685842 652184 226906
1 921608 590
3 618405 746641 507729 13703
1 763583 604
1 718384 832
1 232112 960
3 177869 497831 728019 407138
1 403360 315
3 403360 128409 403360 852447
1 677075 484
3 928849 960119 695723 442292
3 535560 182675 471998 216961
1 547356 579
3 80624 913109 25692 547023
3 298353 602351 25816 999097
3 958884 15811 827481 301334
3 34293 527675 586985 312720
3 265887 299042 582173 775018
3 753182 662169 38164 206093
3 138189 897576 93423 904802
3 356893 866223 764516 490058
3 164720 740496 858917 399605
1 271172 692
3 949539 578188 745307 356796
3 810634 268603 900807 647380
1 900398 840
3 306896 254423 692264 352259
3 963872 589861 646837 85111
3 548068 133848 930641 587553
3 359068 187181 135894 725222
3 651408 863185 450234 597722
3 402614 13890 797735 155994
1 240181 406
1 976788 16
3 157786 604653 726376 398988
1 315023 694
1 187130 443
3 653382 210248 211692 828407
1 513899 378
3 513899 87511 513899 802941
1 986172 958
3 268635 393994 853477 615584
1 632789 689
1 791206 926
1 955938 72
1 96549 840
3 741955 429941 928493 319741
3 913140 265841 996131 856159
1 19026 794
3 145351 87576 112475 788697
3 337929 278522 887844 452345
3 266009 427505 359202 549105
3 413059 959824 764613 636203
1 557603 615
3 423688 191282 488473 446357
1 662991 574
3 662991 854484 662991 426699
3 264826 551665 867397 825144
1 102174 258
1 777117 10
1 605337 324
3 315435 886051 568019 223291
3 333875 288718 357674 593764
1 787337 970
3 787337 386771 787337 839464
1 736633 857
1 969975 833
1 364401 308
3 625148 963243 899770 865014
3 494060 147973 53371 612508
3 239489 768681 647685 601573
1 487012 631
1 614676 537
1 494749 921
1 421144 204
3 731790 336832 17772 757428
1 795635 31
1 211300 901
1 965452 437
3 361854 173413 890113 894088
3 517163 847985 974263 71037
1 553373 158
3 921578 296084 233848 166354
1 80332 53
1 234223 894
3 253399 317847 866715 631396
3 807673 749567 804400 266642
3 989798 481541 717268 636933
3 949591 514612 447281 141842
3 464774 655236 172424 897184
3 440582 383379 399083 183951
3 355259 747732 835471 433507
1 256627 801
3 465086 701214 642994 296379
3 238894 689611 421867 934205
3 708059 928292 435634 456476
3 662046 593002 952018 709181
1 726719 706
3 726719 735497 726719 737386
1 847474 318
3 883749 957756 585682 796075
1 251938 353
1 612640 120
3 428383 800000 150313 496750
3 695108 116433 999455 813464
3 527604 176064 859525 835805
1 771621 67
3 601342 884383 719709 177125
1 876744 630
1 654831 878
3 590986 623068 332509 471624
1 166968 41
3 489049 440388 998726 493022
1 617119 538
3 117125 344775 371084 763027
1 179416 876
3 33856 223884 339594 555180
1 249095 880
3 148983 526120 493407 592115
1 670718 255
3 997785 593285 776865 171978
1 102629 551
1 843420 196
1 964913 318
1 815290 819
3 686386 152741 331505 577790
1 311460 980
1 227359 217
3 35822 652641 497388 565686
3 133169 150214 115821 947164
1 2714 300
3 26535 881020 529246 459807
3 641288 633140 199224 808659
1 348141 992
1 611061 346
3 857601 483770 101077 259050
1 904449 945
3 340368 671508 720307 504646
3 876239 872215 486986 867199
3 129450 40664 998261 282867
1 304666 176
1 524462 266
3 750801 913574 127476 346700
3 909764 184562 408853 460606
1 609412 317
1 161933 415
3 21501 624812 427158 882652
3 523849 922399 460855 196326
3 741833 183656 914244 640384
3 719120 642421 152818 431543
1 131947 406
1 245781 427
1 474830 391
1 147753 689
1 675121 938
3 905966 73596 896159 161232
3 77809 359590 245394 251492
1 259158 261
3 644231 83411 669040 758712
1 731005 876
3 340953 322694 839019 15162
1 761541 944
3 688858 373638 168069 383716
1 327527 719
1 203267 211
1 151018 159
1 565881 590
1 507098 334
