2000
3 432234 612589 66213 612589
3 770780 569450 687977 569450
2 469795 356
2 412116 909
3 944694 444332 464296 444332
3 389119 563070 389119 966374
1 427126 202
1 206547 94
2 47685 291
2 940527 882
2 756161 905
3 962035 449881 527446 449881
1 190357 275
3 685502 630376 985439 630376
3 844212 809296 844212 549666
3 273421 893203 35092 893203
2 440303 69
1 167226 656
2 945925 57
2 897014 952
2 563799 806
2 329324 493
2 927814 376
3 812742 806925 812742 827683
3 153973 944780 153973 511537
1 556794 47
1 750896 53
3 634829 13940 309359 13940
3 880013 14689 780315 14689
2 66701 9
1 681993 644
3 538435 950275 538435 956518
2 757096 732
2 255503 473
2 999350 200
1 132589 698
3 972666 817403 824830 817403
1 989433 763
1 422981 90
1 42079 60
3 25747 268726 443972 268726
2 581758 473
2 449281 407
2 588242 803
3 366785 588242 741813 588242
3 279049 109489 279049 329989
2 753940 621
2 75340 995
3 513164 75340 245668 75340
1 64780 138
3 888995 732644 838673 732644
2 953869 960
3 531800 32697 133418 32697
1 727192 670
1 311969 254
3 164455 289622 572079 289622
3 474228 651208 480527 651208
2 518174 800
1 429235 831
3 429235 919806 429235 250489
3 561847 235622 262170 235622
3 818378 610386 979961 610386
1 573865 440
1 556135 82
1 154326 681
1 990126 731
2 931568 552
2 58419 938
3 695211 959268 808795 959268
2 772319 57
2 41932 703
2 250309 153
1 666167 508
1 475801 978
3 475801 849263 475801 935468
2 377029 359
3 818617 662383 307424 662383
3 419331 68388 419331 161651
3 407692 841097 930557 841097
3 906918 298082 914985 298082
3 655466 137607 655466 75018
1 20183 558
2 439628 306
1 944594 260
3 368686 676648 368686 364341
1 832652 255
3 398195 821797 452420 821797
3 844561 460216 721680 460216
1 834989 858
1 263071 592
2 116224 464
3 312 254722 312 17062
3 452340 377344 452340 899685
2 370489 669
3 640566 678201 640566 969627
1 804685 859
3 350200 617693 350200 791733
1 469480 208
2 239681 609
3 395128 531409 822007 531409
2 503484 210
1 976203 184
2 137718 668
1 130292 694
2 765536 869
3 975631 43046 386876 43046
3 935991 364389 935991 149479
3 880543 891286 194837 891286
1 634883 737
3 634883 952942 634883 917425
1 437371 213
2 863434 136
2 709167 895
1 961855 336
1 906816 983
1 123700 949
1 28305 593
3 569666 203274 721101 203274
3 920442 648197 920442 159123
2 40054 600
3 796435 560647 35391 560647
3 213437 92106 213437 919376
3 921312 989433 921312 272477
2 602771 102
1 362058 328
2 692521 667
3 979287 979266 979287 968273
1 692134 722
3 256827 429788 256827 346273
2 817896 231
3 797806 594723 15266 594723
2 279711 499
2 538646 418
1 377184 898
3 123279 426007 123279 93767
3 278741 767282 278741 448510
1 904227 800
1 406428 379
1 675533 903
3 928245 627577 928245 427579
1 836013 74
2 989143 289
1 762449 803
3 608320 308826 92208 308826
3 706551 827335 706551 441139
1 203875 732
2 839865 338
2 569714 147
1 330843 835
3 971273 131351 971273 886248
3 689979 541360 243626 541360
3 484014 459222 331020 459222
3 83235 737041 83235 581024
1 755676 658
2 78497 448
1 257761 558
3 800292 975237 351077 975237
2 662800 753
3 401344 991647 559328 991647
2 916745 788
1 814549 659
1 35477 912
2 533928 33
3 611371 352968 611371 545310
3 92885 385217 495875 385217
2 938231 415
3 67779 40682 67779 560146
3 457222 974024 457222 271183
2 882114 219
3 502040 882114 546417 882114
1 420215 481
1 518235 366
2 329854 776
1 807799 635
3 669471 886330 669471 837015
1 728353 528
3 728353 590574 728353 255632
1 64038 857
3 48257 361938 48257 626849
2 924199 834
2 129507 66
3 464516 699591 663661 699591
2 8942 397
3 663885 822896 732001 822896
1 13132 824
2 50072 45
2 217082 489
2 864875 87
3 810220 715506 437672 715506
1 406708 706
3 612087 277265 891055 277265
2 113366 892
3 314438 921150 131059 921150
3 719641 987636 89703 987636
1 801379 201
2 638366 290
3 148328 71937 148328 901078
3 341081 17955 341081 706090
3 154354 514903 154354 911294
2 932328 18
2 799562 250
3 712832 454836 936484 454836
3 907538 97052 356757 97052
3 171437 597339 171437 238917
3 968339 191629 968339 56370
2 681628 440
2 932759 676
2 295957 233
2 240803 53
3 481964 960008 481964 495553
2 920700 54
2 818506 280
3 866263 838342 294798 838342
1 31529 582
3 127953 994648 127953 60291
1 474081 887
2 929387 918
2 873416 329
2 563565 209
1 226454 72
3 226454 106657 226454 647167
2 166289 950
1 834290 197
2 618027 903
3 901748 475109 778037 475109
2 731932 762
3 646368 402951 646368 126539
2 707384 351
3 205972 715183 770820 715183
3 307160 34836 307160 475416
2 688257 196
1 928504 533
2 198593 994
1 567669 547
3 567669 99393 567669 481633
3 366826 537605 986829 537605
3 717557 118602 942693 118602
3 246586 912759 230938 912759
3 465850 325986 431285 325986
1 177381 240
1 508061 162
1 908054 717
3 356290 236343 356290 214795
1 719610 893
1 37738 478
2 800291 861
3 978202 315580 978202 147225
2 422131 629
1 378145 166
1 808478 209
1 460689 302
3 177063 803299 630503 803299
3 758139 648193 758139 975482
3 901553 29793 901553 266536
3 305759 990176 470347 990176
3 289565 884489 444825 884489
2 431457 874
3 432827 661947 262845 661947
2 773345 341
2 335292 794
3 41619 720901 41619 712332
1 967560 349
3 970365 27826 970365 358363
2 122596 10
1 139379 875
3 139379 677198 139379 429613
2 586745 876
1 736831 490
2 165472 835
1 561209 105
3 75318 629035 945819 629035
2 301093 156
1 345336 150
3 345336 451446 345336 754076
1 8168 111
2 642279 896
3 394388 189241 382543 189241
1 893686 310
2 998315 73
2 247886 628
2 957814 914
3 990091 2258 288373 2258
1 519908 617
2 476741 663
1 14711 365
2 770751 569
2 73285 124
3 830977 73285 44849 73285
2 975172 618
3 454200 549064 16215 549064
1 62277 794
2 939937 13
1 36400 2
2 978990 770
2 647684 874
3 233876 220063 233876 855596
1 922186 257
1 264561 910
1 702830 744
2 22263 701
3 175896 299142 175896 183876
2 290018 642
3 942353 452994 942353 356139
2 791271 730
2 148901 174
1 120706 42
2 393507 757
3 479267 159339 479267 104030
2 738536 865
1 497656 733
2 496762 594
1 133379 571
2 334993 731
2 586395 655
3 404124 742032 512894 742032
2 504912 17
1 806445 661
2 392094 322
3 195878 837020 248603 837020
1 847239 761
2 621651 524
2 577953 627
1 975141 857
2 806261 65
2 80915 448
2 335940 740
3 643946 335940 41687 335940
2 899472 574
1 296432 160
2 646222 439
3 754722 646222 911560 646222
1 144957 533
3 144957 477705 144957 712328
2 671321 240
3 204336 589570 204336 38637
1 66662 9
1 454147 161
2 821074 672
1 920953 888
2 995736 434
3 865923 111778 865923 966784
3 799108 346519 238683 346519
1 391797 428
2 666733 582
3 444556 395921 444556 202936
3 809187 752838 633115 752838
2 14056 293
2 599053 62
1 596352 642
3 202897 933684 202897 988344
1 497407 773
3 266005 166002 266005 860448
3 342101 464355 740217 464355
1 945843 174
3 254808 69431 313978 69431
3 42089 392537 678591 392537
3 236077 588523 448241 588523
1 670063 885
3 785629 798735 751534 798735
1 650367 606
3 650367 557958 650367 264605
3 720058 458064 720058 289514
2 718475 319
1 773678 925
1 781058 260
1 245860 483
3 299369 335332 502952 335332
2 782942 914
3 571717 496184 571717 205888
1 970506 381
2 963160 134
3 240498 948299 240498 815997
2 402263 110
1 20289 632
2 952388 192
2 997591 672
1 159053 345
3 181730 72119 181730 684588
3 961971 889442 961971 730594
3 43833 315508 43833 12578
1 115372 114
2 34382 179
2 210696 298
2 163573 25
3 341207 953385 112132 953385
1 409391 473
1 382441 968
2 321652 338
3 816287 959510 328630 959510
2 300437 275
1 442806 223
3 393766 786800 393766 520012
3 179035 58561 179035 785061
2 545667 910
2 192812 546
3 182242 192812 614397 192812
1 503597 103
3 220711 475487 402363 475487
2 494447 438
1 4830 876
2 802182 434
2 648096 571
2 246646 159
1 749806 177
3 508512 448744 689309 448744
3 919315 284596 919315 633761
2 431008 126
2 802011 365
3 396315 68325 396315 27948
1 344505 556
2 394909 965
2 740854 993
2 380222 616
3 867052 846232 867052 674345
1 770374 892
1 535517 599
2 740071 638
2 211211 932
2 547301 45
2 422316 949
3 639784 422316 944942 422316
1 168008 735
1 235976 908
3 235976 659387 235976 345388
3 469278 858371 469278 878763
2 310076 703
1 270241 150
3 270241 621124 270241 975602
2 160585 643
1 195916 616
1 135811 245
3 135811 62243 135811 559222
3 364772 154087 364772 861945
1 371973 984
1 280573 234
2 224001 803
3 554635 237654 663248 237654
1 656579 957
2 345305 252
3 97299 345305 872004 345305
1 862733 988
2 457391 284
2 43168 601
3 105155 16585 105155 835212
1 329820 203
2 868961 925
3 564706 342474 564706 891356
1 834903 436
1 155434 123
1 571747 342
2 669938 898
2 667305 598
3 494394 299235 494394 680112
2 532330 72
1 800122 449
1 817609 364
3 817609 899051 817609 728488
2 276732 706
2 929760 933
3 582896 138954 382621 138954
2 739850 168
2 195937 309
3 792101 218998 792101 951586
2 607238 991
3 489567 607238 831408 607238
1 121115 95
3 771731 22088 771731 415689
3 166961 110347 701934 110347
2 487536 596
2 483373 386
1 771796 151
3 495277 976330 352335 976330
2 823050 591
3 295140 823050 38774 823050
1 520911 673
2 472223 740
2 290047 195
1 921007 738
1 987058 605
2 645877 205
3 246942 30346 397654 30346
3 395602 339005 531268 339005
2 954794 152
2 973604 487
2 562138 424
2 826740 532
2 798385 744
1 10651 939
1 895173 756
1 654626 99
3 219314 793284 219314 802821
2 779683 340
3 911718 570814 911718 329500
1 551301 411
2 445576 673
1 840579 637
3 61445 385980 573198 385980
1 625299 808
2 920680 540
1 697724 503
2 858767 602
3 371569 62177 371569 129644
1 786138 985
2 65820 705
3 12350 65820 167985 65820
2 23220 665
3 54175 23220 660771 23220
1 387493 414
2 671155 671
1 915451 185
3 915451 753517 915451 189864
1 251128 559
1 592949 673
1 191053 611
1 963295 663
3 858869 201828 858869 872866
2 369042 593
3 138519 425162 839547 425162
3 328199 508639 328199 921993
1 756487 515
1 557690 291
3 557690 973271 557690 759938
1 417913 789
3 646720 258161 525704 258161
1 970051 85
3 928748 483055 928748 593513
3 782897 25634 27772 25634
3 646143 590549 646143 643818
3 845283 647177 845283 771482
3 220606 988625 381927 988625
2 707272 156
1 332907 334
3 810687 570175 810687 537646
3 34734 990037 34734 609519
2 625940 885
2 772147 820
2 694880 95
3 123342 805005 110628 805005
3 627331 215254 180055 215254
1 391826 133
1 794341 241
2 484260 380
3 227500 293546 227500 472669
2 835052 41
1 997010 779
2 755888 787
3 656922 45800 616040 45800
1 652238 718
2 705995 531
1 131074 45
3 131074 673633 131074 600356
2 451161 28
1 699733 538
2 543638 82
2 450087 864
2 205080 515
1 143400 547
3 904942 458628 904942 741268
1 569577 548
1 407280 685
2 110682 584
2 680989 616
1 675871 880
3 245926 216270 245926 41795
1 604268 200
2 367605 332
2 652998 137
3 762469 380913 762469 426317
2 610407 124
1 747977 877
1 8501 204
1 314837 641
1 851792 491
1 211092 77
3 211092 491652 211092 982477
1 338362 429
2 398632 906
1 975873 126
3 570965 848193 570965 896715
2 482057 371
2 605460 932
2 137949 827
1 616138 718
1 606505 669
2 440067 13
1 970734 790
3 425539 133529 425539 9943
1 510450 74
3 570929 858 570929 487979
3 226690 845709 226690 944668
3 663779 569288 950573 569288
2 40564 25
2 615555 575
3 222485 667111 222485 934058
2 534660 735
1 213936 496
3 426105 328134 362525 328134
1 710204 666
3 566424 880710 566424 730403
1 991667 852
3 991667 977156 991667 143753
2 795531 347
2 500846 491
3 6010 854680 241312 854680
2 698862 52
3 808244 167484 678664 167484
1 457804 43
2 426048 732
3 493324 818703 493324 349218
2 756048 57
1 550944 450
2 402030 866
2 363382 944
3 721709 165148 721709 623939
3 778169 812134 74376 812134
2 201567 863
3 761896 840200 618349 840200
2 19549 235
2 193157 767
1 697204 370
3 239279 7862 409622 7862
3 261837 63524 201134 63524
1 558957 941
3 594786 387229 594786 782078
2 713422 217
1 521900 514
2 10601 729
2 857400 525
3 551649 187078 184999 187078
3 142468 398096 442992 398096
1 288255 525
1 756315 639
2 316441 282
1 19280 146
1 979338 55
3 529056 451576 529056 85478
1 231663 620
2 839390 808
3 158851 658753 158851 523063
1 497734 48
2 911405 658
2 180746 223
3 153786 659519 422860 659519
1 388145 732
1 754762 352
1 831597 839
2 736504 740
1 943700 242
3 943700 576199 943700 842354
3 841225 161806 775489 161806
1 439302 788
2 718747 18
3 783952 128333 783952 339547
2 995455 123
3 270589 104647 201989 104647
1 841375 473
1 752274 586
2 157546 820
3 413541 610405 695766 610405
2 888054 423
1 88342 50
1 913206 416
3 913206 277892 913206 219048
1 990893 384
2 992790 222
1 787192 864
1 457393 539
2 12292 506
3 221822 12292 544509 12292
2 459919 194
3 625895 854851 750353 854851
2 198849 524
1 901277 139
1 657585 720
1 323168 663
1 14382 996
3 89920 862682 444785 862682
1 124241 952
1 519767 331
1 542152 821
3 687885 497345 612540 497345
2 795244 590
3 651563 795244 775702 795244
1 893893 86
3 473207 272080 466082 272080
3 304100 744022 304100 960865
3 406899 705369 406899 468654
1 934599 677
2 815476 672
1 618127 8
3 738384 171223 738384 207232
1 196597 87
2 946198 664
3 118280 946198 853284 946198
1 882209 846
1 370682 989
3 370682 792656 370682 177657
2 690697 364
3 452850 204365 918630 204365
1 560930 527
3 950745 570395 950745 851907
3 178693 271252 178693 699206
1 572004 375
3 572004 157788 572004 886159
3 216294 400853 216294 916453
2 269442 38
1 55675 732
3 580245 467826 580245 74670
1 874286 491
2 432579 852
1 126520 661
3 330978 302777 773268 302777
2 818737 432
2 132769 912
1 55825 465
2 491997 17
3 355082 488427 355082 222260
2 691014 963
2 12490 590
1 935415 480
3 798292 449522 548404 449522
2 391253 315
2 18889 331
1 687572 678
1 152074 104
3 120583 914920 120583 653656
1 306944 427
1 997577 22
1 944532 186
1 663663 378
2 75632 285
3 450325 797048 663345 797048
3 812939 197339 812939 573901
1 862041 746
2 159780 931
2 750860 525
2 134528 472
3 737667 123950 551302 123950
2 649480 206
1 662424 850
1 474338 77
1 326715 67
3 372860 724100 372860 29098
3 274138 691118 274138 136090
3 589622 378175 589622 218506
3 315639 949089 823253 949089
2 172570 209
1 120516 465
1 174681 83
2 620718 466
2 516773 463
2 968072 356
1 937117 906
1 790634 444
3 978323 662456 978323 289812
3 221432 340456 221432 952360
2 300811 584
3 591418 300811 821627 300811
2 692988 911
3 250720 154245 250720 996812
3 125825 667478 408863 667478
1 689956 932
2 970498 333
2 167984 630
3 388968 815607 388968 321218
2 35316 871
3 170071 136172 142951 136172
1 637938 667
3 776488 654866 776488 920201
1 659657 590
1 586848 39
1 695604 127
1 922786 450
1 546926 390
1 887949 441
2 476226 90
1 902051 468
2 137427 584
3 255564 137427 15262 137427
3 11305 837317 711632 837317
3 934238 676038 716162 676038
1 895192 32
3 152354 212251 152354 886227
2 263366 943
3 508685 501802 508685 361457
3 251184 990338 251184 503993
3 692787 629733 692787 334194
1 514765 786
2 635356 828
1 930275 875
3 782024 767998 437317 767998
1 143307 923
1 704719 826
1 374830 739
3 604602 268365 604602 179543
3 431081 107068 431081 713419
3 681391 439437 681391 712944
1 706127 449
1 400543 338
3 804635 895885 334680 895885
1 336999 646
1 570807 170
3 570807 354495 570807 513547
3 662277 37650 662277 397934
3 697336 547214 697336 48343
2 197632 894
2 754954 445
2 693736 650
3 487689 390041 487689 666505
2 403112 700
3 847303 916544 231211 916544
3 551197 797481 226230 797481
1 409071 171
3 997221 661036 997221 368676
3 930252 760102 306957 760102
1 265740 22
1 868116 448
1 784576 544
2 913497 395
1 720195 367
2 536561 495
1 220370 477
1 98176 381
3 644240 964560 239062 964560
3 124234 903587 124234 301628
2 252774 270
1 718657 468
1 685060 645
3 655802 656784 340546 656784
1 2021 830
1 27722 64
1 648215 915
3 648215 303484 648215 839083
2 304121 977
2 364964 603
2 980721 608
1 746268 957
2 257411 754
1 216200 0
3 488246 465781 488246 495187
2 855110 464
1 221460 177
1 419447 99
3 419447 131307 419447 57360
3 564633 297795 564633 457974
3 452025 860351 373783 860351
1 693790 176
3 59525 153898 59525 16032
2 234269 45
3 419389 448656 419389 559011
2 37651 126
3 458691 467781 399440 467781
1 166618 592
2 332805 967
2 602281 647
1 152658 61
2 437640 949
1 201776 430
2 721550 477
2 583647 693
3 524856 616619 471173 616619
2 589719 869
1 585449 200
3 100421 213164 467508 213164
2 356815 97
3 858482 12975 563138 12975
2 244352 340
1 334305 155
1 399388 316
1 581125 667
2 987099 455
3 901140 846340 776266 846340
2 766281 526
2 592347 916
2 548823 194
2 465774 721
2 796690 280
3 885283 391130 885283 440663
2 528606 693
2 296452 611
1 788613 604
1 964409 807
3 964409 255427 964409 809707
1 852659 714
1 635848 383
3 452426 628261 452426 760837
1 500473 692
2 915805 154
2 891834 428
1 680363 881
1 337514 853
3 605393 215524 926470 215524
3 346775 485078 786759 485078
3 253431 785047 253431 152927
2 426448 338
2 446458 473
3 691154 820402 919460 820402
1 386579 598
3 121308 78277 121308 990321
3 164815 17893 164815 880051
2 128796 505
3 744177 485417 744177 705149
1 265484 217
1 523757 473
2 947556 837
1 778843 133
2 289214 976
1 481250 154
3 481250 404691 481250 523980
1 688166 885
3 688166 307281 688166 140247
3 373498 676678 766330 676678
2 189299 107
1 966354 574
2 847499 732
2 806433 282
2 234651 863
3 887383 71425 640977 71425
2 347818 910
2 531781 390
3 976270 847225 348101 847225
2 938274 196
2 55083 889
1 988114 250
2 906423 891
3 754956 636723 754956 681277
3 561663 711536 561663 46671
2 361485 871
1 827245 887
1 916840 872
1 886243 39
1 665451 325
3 665451 780182 665451 626469
3 702379 290047 340168 290047
2 425479 793
1 360340 745
2 190284 76
3 42390 190284 575898 190284
1 343757 982
1 589803 332
2 326450 536
2 451784 505
3 537401 501908 537401 291044
2 711883 13
2 804605 702
3 216112 804605 873771 804605
3 94434 484552 828995 484552
1 68045 763
2 277715 420
1 398417 83
2 80818 810
3 377482 709429 377482 162993
2 136329 403
2 233892 375
3 642432 593344 642432 923947
1 119618 488
1 355775 861
2 799449 390
2 727513 230
3 439593 370600 791321 370600
3 848921 388581 848921 468203
2 935988 935
3 57237 294771 280378 294771
2 824910 378
1 717572 888
1 191290 792
1 345353 279
3 422884 303156 422884 949168
1 459069 329
1 321487 602
3 713122 858654 202581 858654
1 590019 956
2 422362 913
2 79334 73
3 25210 79334 498962 79334
2 873531 313
2 959699 455
2 743961 172
1 422506 330
3 795307 375873 444288 375873
2 643372 216
1 44004 3
2 985819 579
3 530702 482168 784451 482168
2 863832 982
1 640131 727
2 890072 279
2 48538 187
2 877135 429
3 674067 641701 576307 641701
2 291990 539
2 159327 168
1 880368 593
2 582281 53
1 745112 161
2 124161 778
2 354016 154
1 855751 379
1 182636 53
2 983528 318
2 225723 89
3 450914 916294 450914 982093
1 413530 39
3 294986 323175 527758 323175
2 374072 683
3 181244 248408 181244 793759
1 984545 351
2 114670 603
2 834345 536
3 502147 604442 155368 604442
3 524298 719548 524298 471456
2 401888 510
3 544052 657361 412771 657361
3 78892 233695 78892 806050
1 678146 342
2 168377 478
2 436675 527
2 636227 339
1 574870 701
3 574870 149915 574870 945816
3 149485 217979 149485 898622
3 953123 153050 688370 153050
1 416739 949
2 554940 410
1 294020 652
3 497736 590156 221943 590156
1 566891 676
3 609954 595557 609954 11087
3 91763 214240 74744 214240
3 179908 586849 882770 586849
1 956473 623
3 117796 905435 66702 905435
1 377658 719
2 527681 638
2 556520 383
1 304904 954
3 52011 477589 942372 477589
2 690955 356
1 911946 500
1 92930 596
1 761347 912
1 968547 312
3 156536 512507 997406 512507
2 98413 960
3 241085 914607 241085 486751
3 188144 218037 846726 218037
1 342116 574
2 322753 832
2 838631 625
1 313625 95
2 484665 732
2 599729 189
3 534226 387367 795673 387367
1 399612 959
2 649809 573
2 729862 309
3 613742 388219 731103 388219
1 515856 52
3 646377 829076 852164 829076
2 772802 641
3 838435 373099 448385 373099
1 217701 734
3 453176 600950 774912 600950
1 853956 328
1 644317 368
2 65693 570
3 201107 459035 815791 459035
1 927774 580
1 391501 741
3 900100 647209 900100 799419
2 2112 609
3 44113 729623 178829 729623
3 612771 387947 612771 401500
1 802693 431
3 802693 833745 802693 109257
3 101051 294549 880935 294549
3 936699 130468 892432 130468
2 533718 581
3 532216 533718 865663 533718
1 246326 430
3 469370 435041 469370 688548
1 752167 428
3 620943 929096 620943 95985
1 800228 648
2 675475 3
3 30236 61973 30236 580287
2 633301 545
1 981440 339
1 945997 34
3 474970 62624 474970 485614
2 289480 307
3 241558 35645 825760 35645
2 995200 462
1 665325 808
3 278707 626276 278707 147909
1 727651 685
3 121326 239543 121326 476266
1 723089 677
3 723089 147659 723089 424088
3 889825 481656 889825 827831
3 226046 53192 932896 53192
2 680459 239
2 79294 286
1 907260 622
3 374949 26916 325984 26916
2 863512 750
3 390798 514677 390798 14926
2 58798 76
3 562004 191213 542495 191213
3 972292 777652 972292 522654
2 794434 728
3 283156 184492 249887 184492
2 204701 222
2 527306 785
3 353599 795857 353599 940051
3 219607 672601 219607 131380
1 465070 381
1 164895 515
1 566695 296
2 987699 754
2 998319 405
3 882735 985414 882735 887461
1 59904 879
3 736896 359868 390564 359868
2 191490 746
1 306323 338
3 244093 172636 553936 172636
1 533111 454
1 585982 332
3 947095 718797 947095 681868
3 528916 850457 528916 28653
2 126413 532
2 455131 506
1 367778 686
3 679353 123725 679353 944786
3 269879 539354 438347 539354
2 416118 958
2 135870 625
2 214528 183
2 439183 596
3 620617 503184 1708 503184
3 899862 727838 471322 727838
3 144629 410989 782414 410989
1 392131 867
3 982745 20658 856966 20658
3 293853 923515 544129 923515
3 276179 715862 393818 715862
3 305801 617245 644647 617245
3 526287 571654 654841 571654
2 547350 778
2 219928 805
2 6868 965
1 155192 540
3 952653 4441 952653 344311
1 975144 335
2 776931 659
2 990636 637
3 697545 114142 463634 114142
3 585610 703716 585610 116544
2 122897 921
3 873343 633547 873343 957409
2 910023 283
1 683103 98
2 375298 135
3 664496 202777 29213 202777
3 42151 414681 42151 681646
2 807963 941
2 738464 433
2 199632 618
3 663485 266846 765827 266846
1 278835 248
1 492140 284
2 777293 998
1 444731 878
3 239018 94099 239018 794810
3 701112 822355 701112 443670
2 207133 828
3 788334 908355 788334 634835
1 438074 759
2 176515 329
2 711152 735
1 633044 22
2 484635 862
3 38934 2424 370857 2424
3 307606 975558 726463 975558
3 138089 266164 630913 266164
2 823439 485
1 724796 295
3 327287 27765 327287 563640
2 527448 418
2 998206 482
3 320732 292393 957552 292393
3 568632 856685 787426 856685
3 563488 567795 563488 68323
3 341742 368259 908977 368259
1 523412 135
2 567953 405
3 730653 567953 398252 567953
1 948326 129
2 117995 227
1 178959 185
1 926836 833
2 426530 363
2 212264 117
1 881691 870
3 17306 881652 19810 881652
2 700647 383
1 639249 401
1 351854 799
2 358555 866
1 654615 215
1 599831 559
3 599831 550276 599831 435657
2 933224 685
1 885918 942
3 885918 826178 885918 616710
1 83967 398
1 703360 918
1 202135 711
2 334792 780
2 950709 57
2 686962 176
3 188737 497891 6079 497891
2 565346 424
2 803708 999
1 764932 728
3 482299 598332 482299 82657
2 510359 734
2 791185 195
2 848560 115
1 677835 918
3 948754 410764 704319 410764
2 666816 335
2 304889 600
3 405229 77 405229 844981
1 645249 118
1 842007 663
2 710319 19
1 111634 896
3 479204 308608 479204 830734
3 391680 252997 391680 426156
2 719821 612
2 516606 490
2 396859 820
3 316398 448659 354446 448659
3 407509 887619 407509 979461
3 639939 323354 871121 323354
1 19137 362
1 116668 458
3 116668 714242 116668 403567
1 67879 98
3 4793 545454 482152 545454
2 327729 416
3 393579 327729 336842 327729
2 988694 341
2 62448 484
1 586756 577
1 28518 358
1 489193 965
1 133259 414
3 817000 27072 817000 48664
3 14640 629007 14640 324650
3 427378 249878 823443 249878
3 831399 215225 831399 888059
2 518989 329
3 659264 690637 659264 70928
2 605762 239
1 962732 54
3 85612 372925 675471 372925
1 569840 179
3 657331 800211 26164 800211
2 434730 221
3 989918 296308 989918 52205
3 82099 191433 959088 191433
1 886708 402
1 683864 530
1 31816 347
2 914938 456
3 103509 336124 103509 339544
2 265088 158
2 669908 281
1 657261 274
3 657261 483348 657261 687159
2 592931 840
3 973405 592931 677672 592931
3 254919 417951 254919 563232
1 705089 100
2 241452 197
3 19059 241452 933269 241452
1 317606 930
3 487498 260415 431226 260415
2 846330 687
2 364816 125
2 979688 266
3 815450 884043 815450 580362
3 269099 73914 269099 453922
1 291016 225
3 291016 291011 291016 494920
3 738031 620481 669679 620481
1 125958 809
3 247939 399804 771994 399804
3 74623 54030 375868 54030
2 406776 701
1 930376 536
1 396405 759
3 307363 591607 307363 872905
2 395050 376
3 5385 10615 440472 10615
1 174413 900
2 519393 732
3 51347 957038 51347 594667
1 385831 501
3 16159 868167 16159 29931
2 933151 635
2 353525 218
2 820774 385
1 289688 111
1 783901 768
1 244901 201
2 130679 927
1 748822 618
3 748822 193456 748822 404697
1 679881 628
2 838277 160
3 246770 684717 980475 684717
2 916465 217
2 878547 568
1 258620 576
3 366410 706945 366410 379093
1 164741 202
1 882842 754
1 221567 801
2 786953 483
1 873725 452
2 343499 121
2 22544 682
3 800597 179598 800597 667828
1 881807 258
1 547602 326
1 982216 213
2 757648 242
3 919027 757648 623092 757648
3 86787 692729 86787 313518
3 904031 393119 722432 393119
3 628888 216462 787752 216462
3 637139 546192 637139 152834
2 697946 59
3 765002 697946 17015 697946
3 922779 905961 922779 961242
1 374279 320
3 365840 128800 913541 128800
1 600974 397
2 232401 906
2 200233 165
3 650773 173926 691810 173926
2 170246 17
2 775422 190
2 649029 569
1 442063 298
2 76697 821
3 127557 147037 821047 147037
3 500720 296432 732832 296432
2 745156 580
1 937100 167
1 110089 316
3 755573 554557 124749 554557
3 66403 523128 360268 523128
2 209251 174
3 349535 691633 349535 480131
2 224248 17
3 928518 481885 928518 16198
2 716630 517
3 280931 859935 377453 859935
1 379963 382
1 883957 207
1 996682 670
1 862971 258
2 455128 22
3 649508 455128 920132 455128
1 816952 76
1 226867 930
3 538244 449817 538244 67207
3 462397 524134 357067 524134
1 905808 414
1 782394 690
3 665216 741468 665216 675684
1 958230 789
3 532850 152111 532850 585058
1 466298 196
3 466298 868612 466298 550241
2 148353 792
1 362114 313
2 476909 251
2 169834 129
2 454915 464
1 641193 988
2 104641 909
3 199516 905288 199516 281207
2 56360 402
3 974605 54485 50648 54485
1 574001 161
3 945560 201658 76035 201658
1 148226 731
1 466464 221
2 933819 609
3 22730 933819 738053 933819
3 663848 730544 663848 644190
1 94061 926
2 433208 587
1 804418 715
2 531029 954
3 816754 531029 435660 531029
1 789487 541
3 789487 309713 789487 791889
3 925098 18425 925098 840041
3 352343 55992 652840 55992
3 256947 787801 643208 787801
2 364319 711
2 406194 148
1 615525 277
3 746047 213734 746047 540184
2 579578 403
3 168547 223253 168547 530162
2 586284 642
3 148999 104054 148999 476932
2 238493 946
1 704636 983
2 560476 427
3 755237 333217 37094 333217
1 939542 260
2 864459 923
2 704956 566
3 294069 733831 530749 733831
3 867827 263200 872410 263200
2 238272 85
3 98869 766105 878761 766105
1 414875 982
3 414637 661160 414637 55370
2 75288 426
2 574512 88
2 986437 965
2 788413 500
2 348216 897
2 454525 729
3 696926 303184 696926 848995
2 652029 551
2 437558 271
3 345848 853545 345848 430543
3 690162 421625 611143 421625
1 286234 976
2 930657 116
3 79920 212764 79920 832985
3 501209 539375 866932 539375
2 787701 455
2 543682 563
3 455689 294780 455689 33041
2 861084 170
1 445430 736
3 294246 254896 406887 254896
3 776309 103844 776309 196817
2 454703 931
1 15177 882
3 436147 508170 918673 508170
2 955176 618
3 687742 321141 687742 34830
3 424109 842151 511396 842151
1 473301 104
2 375589 738
3 854759 563385 854759 703526
1 104851 609
2 848763 314
2 769856 968
2 140000 336
1 82908 596
3 82908 804465 82908 854855
2 915118 969
2 808208 343
3 439404 808208 599484 808208
3 827757 793781 827757 74759
2 676518 79
2 890524 635
3 511346 758219 127654 758219
3 67397 62217 479127 62217
1 819540 652
1 56001 100
2 841164 895
3 183540 830946 909523 830946
2 346827 707
2 402379 239
3 751999 402379 225827 402379
3 91874 308177 91874 188941
3 122587 976514 122587 50389
2 322539 932
3 716738 322539 32305 322539
1 194389 575
2 798711 887
1 427918 954
2 396887 522
1 910879 329
2 279616 758
2 810870 497
3 932962 93494 932962 577791
2 316993 971
3 438880 574172 303208 574172
3 243334 402491 888713 402491
1 942154 145
3 902139 82294 902139 186753
1 730811 351
3 730811 556575 730811 150021
1 40425 535
3 429652 927011 429652 127167
3 944324 347864 660648 347864
2 424057 398
3 971224 206967 971224 85014
2 55497 631
1 442326 359
1 82298 418
1 720095 214
1 365790 687
1 31393 259
3 968088 796560 677057 796560
1 511583 933
3 376104 756785 125611 756785
2 249005 455
1 136972 813
3 68207 391906 991569 391906
2 344173 908
2 176679 87
2 828564 206
2 977819 154
3 400204 435033 400204 387183
2 842076 331
2 269871 899
2 569016 537
3 104567 873193 630161 873193
1 877017 295
3 877017 270126 877017 267444
1 29251 630
2 707462 554
1 663645 235
3 839656 628868 292388 628868
2 449209 144
1 214572 69
2 159169 441
2 416988 400
2 623302 666
1 804149 184
2 528667 96
3 72395 24874 868312 24874
2 997120 334
3 341305 293368 341305 386338
3 443902 269152 11742 269152
3 32012 809664 32012 728503
3 329866 726130 329866 194489
2 804427 191
2 943202 754
3 950920 859320 950920 694954
1 811900 660
2 187244 331
2 811671 662
2 519490 717
3 762577 971140 762577 419723
2 35962 697
3 704883 406381 704883 217139
2 61212 32
2 880193 998
1 812523 913
1 184633 862
3 234260 347067 753264 347067
1 971412 369
1 57079 53
2 443068 913
1 825957 132
3 825957 485096 825957 291982
2 628381 280
1 30647 447
1 246200 10
2 999007 474
3 514394 991210 514394 31497
2 376312 687
1 245759 859
2 516847 287
1 50237 382
3 826824 568098 330496 568098
2 771583 537
1 226268 501
2 58309 857
2 161614 814
3 347792 471998 347792 241836
3 627934 24617 797731 24617
3 337983 75078 868532 75078
3 305764 471396 305764 336696
3 941519 245080 906504 245080
1 998870 49
1 584502 356
2 113915 786
2 405889 388
2 37191 615
1 450801 980
1 173145 367
3 539947 175077 539947 354307
3 292277 326304 417035 326304
2 381275 696
1 455754 323
1 492316 535
1 856303 681
2 373102 253
2 937096 717
3 557400 58326 927398 58326
3 133828 812284 133828 315375
3 819489 488693 819489 294140
1 118583 44
1 544218 740
2 624939 507
1 271170 367
3 703435 566105 258823 566105
2 938507 80
1 69443 484
2 358406 571
3 478247 597466 808645 597466
3 310848 831704 310848 163497
3 50198 889182 50198 894261
1 164419 93
1 337951 970
1 650970 422
3 650970 929065 650970 588963
2 409037 371
2 612931 252
2 673381 678
2 417635 126
3 686878 417635 921972 417635
3 679847 174642 679847 975303
3 748077 897820 620453 897820
1 464073 253
2 467089 62
2 470300 98
3 21768 688103 21768 645235
2 88678 401
1 642696 306
1 794390 188
3 885739 489794 559092 489794
2 475622 102
2 762968 903
2 883832 852
3 376659 227977 169498 227977
1 20797 823
3 49437 295816 49437 365473
1 181676 693
3 426352 825613 450182 825613
2 998314 969
1 529693 74
2 170431 502
1 704704 182
2 631946 754
1 603169 973
3 837662 744846 602802 744846
2 428707 299
1 511724 266
2 773542 250
3 951722 628038 951722 696825
3 215372 330762 215372 924827
1 953147 558
3 13856 511060 6377 511060
1 737914 935
3 640290 470018 923366 470018
2 859909 331
2 457164 496
1 613483 383
3 613483 914286 613483 58517
2 777243 570
1 636835 353
3 882794 270039 731741 270039
3 619825 279185 619825 226781
1 162297 847
3 632791 13115 632791 979618
3 870379 224855 399823 224855
3 769359 389652 110154 389652
3 983843 146453 547562 146453
3 516472 973305 122883 973305
2 813398 615
1 433211 64
1 525248 56
2 378908 786
1 72197 410
1 823624 786
2 230674 26
1 700003 624
1 820172 71
2 757356 298
1 209576 595
1 255551 68
2 498474 783
2 485925 450
2 178402 486
3 230053 509198 927210 509198
2 785386 460
2 719725 718
1 301365 415
2 817894 410
1 922443 981
1 166461 950
1 197081 452
3 846256 219441 846256 246621
1 782162 209
1 74674 311
1 634235 321
1 139872 691
3 355354 345612 763001 345612
3 617453 543851 617065 543851
1 402067 219
2 669980 305
1 150982 878
3 364914 925027 364914 76625
3 939348 166964 939348 935056
3 134565 264266 134565 449468
1 768308 339
3 192112 423539 364546 423539
2 58081 451
1 493865 483
2 700450 298
3 408428 700450 302062 700450
3 614113 789168 614113 832696
3 125052 307709 372544 307709
1 249486 381
2 716732 604
3 671385 716732 1022 716732
3 17859 552556 17859 341727
1 593236 870
1 138653 217
3 138653 991068 138653 815246
2 89351 817
3 553003 843172 553003 806756
3 120309 394297 120309 8130
2 537222 237
3 829609 943248 588831 943248
2 698591 234
1 188885 754
1 400350 885
2 691285 514
2 180244 642
3 918467 569882 918467 121628
3 483467 913605 353943 913605
3 965627 205177 940622 205177
1 16445 947
2 902833 104
1 253656 349
3 6403 129732 6403 245187
1 331326 36
3 950443 463007 666808 463007
1 943662 858
1 934388 467
3 689042 932350 689042 485846
3 319985 139182 572620 139182
2 96119 699
2 392987 148
2 442263 237
1 636570 549
3 283710 533768 283710 237863
1 551745 48
1 636554 611
2 123447 582
3 514412 93814 633202 93814
2 643363 886
3 334323 732708 222258 732708
2 840297 744
3 713468 596321 219102 596321
3 165160 891367 165160 871028
3 203766 582303 203766 613459
3 544517 664182 544517 167910
1 518108 627
3 518108 791600 518108 951558
1 211072 444
3 211072 555201 211072 483256
2 469362 547
2 300122 655
3 388105 858745 254238 858745
2 316792 49
1 203264 37
1 685964 536
2 722363 701
2 143859 12
1 127606 242
3 127606 789743 127606 822264
1 88906 435
3 544189 942294 544189 888461
3 583282 331783 615989 331783
1 352130 442
2 827872 844
2 341502 70
2 514357 24
3 527893 514357 735714 514357
2 723276 493
1 447828 72
1 36792 881
2 599497 224
3 687191 661617 662459 661617
1 915112 432
2 893079 46
2 983018 586
1 846675 704
2 264888 486
2 708512 614
3 601321 371601 42002 371601
1 357245 847
2 354973 553
1 973734 632
3 46704 958664 46704 751275
2 193790 676
1 490528 218
1 803908 365
2 137224 657
3 612161 872732 314280 872732
1 549864 93
1 206539 789
1 482291 880
1 553828 61
3 548733 654502 136326 654502
3 477979 450717 477979 722169
2 237450 656
3 625054 237450 981351 237450
3 668865 72250 668865 194426
2 744788 73
2 561317 167
2 441207 966
2 568187 25
2 998543 381
3 114878 642510 114878 740411
3 726845 486630 726845 812678
1 333822 490
3 71363 861092 71363 175119
1 769051 18
2 120480 723
3 519990 291536 519990 166660
3 216686 652454 925380 652454
3 161550 623485 553405 623485
2 677281 714
3 113317 803046 162181 803046
1 361772 260
1 607023 865
3 607023 23290 607023 451506
2 879928 827
2 553182 320
1 511631 729
2 34551 774
2 98307 403
2 262256 741
2 220667 766
1 333065 59
3 221883 763262 221883 569014
2 402887 561
3 408162 40229 408162 986640
3 902061 834542 902061 38153
2 340478 260
1 506038 818
3 506038 341757 506038 705857
2 555109 626
1 451019 407
2 944289 896
2 140083 346
2 504836 530
3 404822 504836 851249 504836
1 321646 704
1 467025 307
3 467025 772240 467025 442874
1 51540 812
2 576849 309
2 385422 604
2 891629 539
2 997777 89
2 416728 430
2 446497 282
1 669323 544
2 390822 604
2 353836 860
2 628609 523
3 612971 647138 612971 718900
1 306708 210
3 306708 204641 306708 529229
2 979129 971
3 412811 822248 412811 92354
3 229588 660267 229588 554227
3 184130 873949 427405 873949
2 958943 857
3 651658 968389 125169 968389
2 988499 610
1 729098 333
1 926706 860
1 75847 833
2 192856 43
1 234780 65
3 679547 803705 679547 844578
3 864424 900952 864424 133307
3 491800 32601 595421 32601
2 640216 414
1 841854 539
3 289552 503417 289552 498513
2 4022 86
1 692308 259
2 104274 671
2 733683 528
3 306042 882103 238946 882103
1 596692 500
2 565226 469
3 590001 275431 33433 275431
2 611865 433
3 138395 657077 200419 657077
2 333577 889
1 846615 845
2 17835 925
3 686340 17835 101874 17835
1 75797 32
1 23079 797
1 430582 131
3 668047 586639 668047 368091
3 700666 508508 518324 508508
3 165789 484225 165789 919064
3 593688 997838 593688 428274
3 740506 570448 740506 110135
1 191329 159
1 840062 699
1 129291 554
3 384797 172702 384797 233546
1 648825 327
1 239408 808
1 737778 261
1 221625 148
3 891354 104530 891354 962026
3 781721 894976 854129 894976
3 113559 777682 113559 472635
1 448462 557
2 942514 237
2 195741 871
1 25077 176
3 315046 177648 132370 177648
2 556554 123
2 666711 516
3 966493 42858 966493 663628
2 880759 892
1 706904 448
2 997136 115
2 355787 812
3 201557 616757 409385 616757
2 891137 516
1 326373 606
3 458600 515774 979806 515774
1 848756 150
2 344816 790
3 453900 186723 453900 161294
1 460713 806
3 159211 376618 857695 376618
2 536102 355
1 891064 217
3 442865 271567 738280 271567
2 551252 532
2 988314 546
2 14463 39
1 405075 583
2 320898 56
1 284965 617
1 370027 75
2 564273 144
1 114969 463
1 506484 363
3 956106 676282 956106 98760
1 897325 361
2 590034 961
3 249161 411393 877268 411393
1 812710 19
3 60655 947311 60655 958720
2 837716 697
2 198637 387
3 365036 198637 23619 198637
3 778322 573310 971582 573310
1 334271 1000
3 358932 806045 297766 806045
1 678516 211
2 642526 50
1 935810 713
2 289563 903
2 927847 994
3 341701 225625 341701 316306
3 106181 529312 268915 529312
2 347669 338
3 182540 134965 564740 134965
1 704782 586
2 665373 681
1 143511 605
1 447459 154
1 653457 333
3 599705 333736 679959 333736
3 593132 798873 593132 309357
2 993837 778
2 658171 724
2 305174 912
2 119471 813
1 953837 333
1 469164 116
3 469164 396262 469164 659548
1 799305 978
1 911663 206
