2000
3 165492 610931 891679 934875
3 639642 347554 811427 803188
3 902210 137977 470342 524844
1 480033 543
3 480033 899709 480033 183418
1 793580 438
3 999479 722765 820882 827703
1 495440 536
3 716637 89820 930492 697131
1 565696 163
1 522300 490
1 418935 964
3 112002 175051 375699 903517
1 582643 750
1 797265 508
3 797265 312564 797265 295532
3 934962 746070 329498 815772
1 484476 430
1 925754 848
1 561208 13
3 860248 599228 675909 420450
3 618113 5951 299121 362287
1 320670 369
3 320670 120977 320670 494649
3 390326 523505 287608 297784
1 213176 860
1 691766 296
3 691766 294478 691766 733231
1 946619 409
1 514836 580
3 709816 184887 204399 976456
3 830302 591384 827734 686256
3 831667 896154 506196 475622
3 193821 774185 971743 365671
1 998505 841
1 68003 984
3 136402 228086 542350 547066
1 932617 586
1 938128 884
1 19010 399
3 918458 187438 250910 525467
3 505421 352170 181444 283499
1 398313 217
3 398313 415417 398313 993546
1 738644 6
3 799711 497699 818060 620593
1 68555 319
1 909486 460
1 812517 289
3 812517 347120 812517 281683
1 327619 525
3 698851 825426 673709 865583
1 309282 635
3 38354 564692 668914 959852
1 570061 994
1 872608 426
3 950718 272640 204991 754888
3 683706 998986 310038 75105
3 427333 675 63438 711588
3 841567 53414 993013 293054
3 621610 990010 561529 828161
3 322064 943064 644708 23572
3 379377 784947 728777 668617
3 37460 672650 537204 246130
3 48530 362725 41278 340944
1 956766 576
3 727315 969819 343032 130821
3 434450 867697 874411 342528
1 439829 686
3 164060 932370 202830 174091
3 246272 367250 746706 63781
1 743008 794
3 743008 469959 743008 433411
3 21225 380964 921013 468566
1 706352 353
3 706352 429597 706352 410716
3 804877 853349 519624 585197
1 75854 103
3 128059 472212 317214 95975
1 695721 798
1 293647 443
1 872074 873
3 706636 808544 453413 133857
1 227086 405
3 227086 516160 227086 294184
1 589030 153
3 748567 957640 532973 266814
3 76448 183626 344772 820406
3 198282 353473 143136 480104
3 346317 172105 890635 527136
1 252350 38
3 523131 601496 966926 872190
1 668508 527
1 711833 120
3 725310 472360 417123 815992
1 136419 159
3 609319 587579 967575 657897
1 911615 220
1 314472 429
3 894515 841746 825168 861485
1 170380 355
3 648960 69897 306662 604480
3 386537 379429 682955 194403
3 254656 400328 6126 235489
1 662518 517
1 467608 111
3 675507 833398 398363 332585
3 56816 388345 207662 861053
1 973338 844
3 973338 76755 973338 233761
1 84636 828
1 634746 135
3 378806 980939 500519 111773
3 549127 326797 630455 952058
1 503797 641
1 787090 429
3 946734 389856 981848 779290
3 999187 829206 234480 455906
3 495073 449539 164836 695605
1 909405 897
3 339687 144814 774132 469922
1 265952 559
1 667688 795
1 355979 822
3 605833 938377 507250 182961
3 424213 958163 159227 686865
3 439786 752864 475375 96759
3 267864 579366 153924 47522
1 518659 762
3 739680 695653 442636 353777
1 445825 46
1 366801 745
1 427887 718
3 427887 486045 427887 912634
1 41476 105
3 223055 105368 779862 740319
1 52054 438
1 356036 576
1 118185 233
3 823840 300218 542086 774523
1 335023 286
1 187514 800
3 62365 960941 124771 3375
1 450796 222
1 103190 654
1 682752 327
1 906677 150
3 457398 24136 863460 746621
3 934710 133948 421657 651062
3 485429 893622 909700 251275
3 336003 336102 136855 539389
1 985413 642
3 668720 595054 913845 585648
3 759206 711676 739379 825897
3 529496 15446 891355 447494
1 103874 654
1 899738 90
1 54303 708
1 888614 168
1 814333 906
1 936924 309
1 450215 39
1 186121 245
1 569569 562
3 382897 711566 967231 401216
1 534701 651
3 923757 849230 143562 248901
1 500657 215
3 107914 485324 94362 76966
3 267330 65696 270865 306993
3 2176 979739 380797 458445
3 128017 994556 305003 480049
3 709059 754700 908814 507027
3 470037 795695 819792 854826
1 230242 969
1 310971 677
1 546420 183
3 587925 646109 550414 955871
3 397860 699703 192032 999052
1 756842 108
1 705342 617
1 323036 520
1 591036 147
1 427256 875
1 788852 810
1 203613 942
1 971022 225
1 396734 710
3 198327 685167 412584 711005
1 481764 392
1 327424 72
1 18798 861
3 71149 575869 900250 611013
3 147745 201265 415981 733420
1 322367 614
1 737575 362
1 763468 458
1 907807 851
1 412451 913
1 471297 407
3 437356 924173 726918 39444
3 988917 278761 800852 741384
1 587276 337
1 187812 585
1 846912 224
1 406874 563
1 136969 150
1 948082 253
3 948082 779271 948082 587979
3 762397 764869 722226 775320
3 633100 188234 402843 485325
3 112319 9788 181894 474473
1 892928 490
3 557432 359554 524897 4753
3 973718 773739 339022 860645
3 391121 92518 854915 422368
1 749900 694
3 604240 160235 474156 516847
1 937716 703
3 476816 464976 714197 781363
3 294813 868404 827984 170637
3 474266 141270 436774 204488
3 961945 517834 531358 643247
3 722594 897940 103904 799728
1 160263 986
3 972039 663915 669729 518585
1 78589 401
3 556643 695652 229203 388266
3 710899 226279 128810 782924
3 257672 961302 233952 386842
3 542256 844110 294955 354108
1 479949 294
3 479949 569690 479949 754261
3 242866 406625 167423 772614
3 764262 204704 862625 280398
1 655302 260
3 589555 556682 715817 507248
3 531336 759628 600997 273152
3 378556 865253 842976 2828
1 691232 392
1 709319 214
1 150745 191
1 58940 389
1 886308 618
1 801237 187
3 202500 796828 161556 102280
3 451006 48360 49855 161420
3 152914 552493 214432 766412
1 306540 175
1 194377 820
1 738592 293
1 661249 779
3 403146 895486 886256 951079
3 899669 198504 180489 883825
1 315351 697
3 490953 118710 346196 184592
1 639715 913
1 123450 736
1 156674 320
3 156674 459382 156674 747201
3 378488 171596 705774 649889
1 656513 499
1 64223 725
3 64223 637536 64223 989832
3 886181 518510 24884 490546
1 915278 774
3 628453 748183 335417 881023
1 112772 858
3 313899 46254 564828 561975
3 730388 78715 867940 651302
1 350815 309
1 50941 514
3 2454 117757 563010 58819
3 722766 382751 205764 455547
3 716942 423734 146384 482585
1 286330 373
1 297966 272
3 368728 619126 7022 810803
3 206667 253771 579744 781359
1 990253 961
3 186424 902637 674010 491725
1 286234 883
3 952527 753102 140670 920271
3 291790 848216 193121 192154
1 712288 808
1 438638 552
3 438638 916717 438638 577542
1 998252 989
3 942831 400739 414725 591108
1 882326 306
3 346419 809866 775985 433992
1 286239 764
3 282818 962289 786629 256976
1 558336 897
1 368661 606
1 119395 102
3 1043 197240 613382 231740
1 576286 162
1 569285 800
1 507109 47
1 235466 452
3 398017 679427 768578 689929
3 547535 891095 650588 618513
3 110238 949867 444018 358190
1 469172 102
1 168982 480
1 810848 735
1 661410 481
1 135602 45
1 890894 655
1 969938 676
3 575867 448661 892479 834203
3 539715 513120 984772 799246
3 322022 546596 346612 703232
1 792450 829
1 479478 448
1 487171 809
1 876631 611
3 82 531820 488596 878097
3 120910 440858 940214 37580
1 877099 88
1 492484 409
3 131355 86752 229654 533978
1 657714 361
1 299813 462
3 5120 679626 142681 843000
1 439275 709
3 608712 639608 643817 370693
3 119289 314798 407535 120443
3 576933 82695 931227 725
1 641107 204
3 492100 765573 479807 855010
1 171700 453
3 351948 342127 829721 534482
1 681457 56
3 441503 550370 204555 621781
1 579153 882
3 775419 728897 868931 684943
3 562112 696050 402377 168135
3 961193 703006 428174 225320
3 935651 793549 994550 410285
1 335985 363
3 365123 698659 974315 818425
3 442891 284611 240437 460958
3 92799 964751 17892 976341
3 838696 138037 183971 827763
3 554524 608140 277324 670136
3 119598 217681 437921 855154
1 666571 17
1 523767 76
3 464400 598641 158577 642037
3 295902 582772 855305 920309
3 273259 784831 814463 790167
3 468015 812715 967409 980793
1 151159 529
1 399026 681
3 209696 805362 147009 957517
1 317361 973
1 811023 105
3 567706 312537 606684 294829
1 636353 226
3 814591 501421 824300 247844
3 4502 821278 371134 158758
3 675566 896148 430876 729977
3 872640 596137 515829 30017
3 589946 383499 143610 593032
1 43400 402
1 477833 566
3 231673 749904 328022 306581
3 441981 727315 114134 771389
3 846852 792718 8817 811634
3 941817 267329 828504 931321
3 44292 305134 683132 494898
3 465762 961476 952211 594781
3 566744 927421 411420 842191
3 103904 895545 699528 922369
1 415255 17
1 590725 240
3 959478 320177 309609 463011
3 749876 499213 79900 420046
3 316621 243178 666082 253862
1 642123 75
1 973 64
1 368462 47
1 758018 911
3 558682 110615 611162 304463
3 889013 145818 754788 373330
1 984127 873
3 757298 67586 713174 207809
1 244003 332
3 798312 28490 653599 653800
1 753608 292
3 918065 44147 153449 572456
3 42521 39984 21782 645970
1 572918 697
1 938168 144
1 595617 347
3 798349 852032 987754 312603
3 804313 224205 75426 68665
3 386540 552119 635640 962835
3 204795 456438 346552 930048
3 144029 86800 604495 18505
3 159960 96906 480385 769118
3 127865 688638 819821 145453
3 943894 104218 440167 214070
1 132536 314
3 557173 638241 189360 173874
1 164326 506
3 200538 221562 795059 835312
3 924815 266429 258539 656684
3 717076 409717 8173 840712
3 527739 688368 427559 59995
3 174735 626866 666412 308356
1 40561 537
1 856929 488
1 265471 927
3 123475 376367 907342 36496
3 753705 11819 47490 878744
3 465703 527904 356365 758352
1 898752 450
1 239275 58
1 608775 9
1 879173 949
3 813895 484762 642173 630558
3 281388 709761 912540 214055
1 301037 795
1 363114 23
3 363114 755205 363114 736085
3 269936 493913 521064 395383
1 330226 857
1 685809 837
1 527484 913
3 530437 810907 448283 122000
1 69154 251
3 176928 730469 745990 982913
3 586182 816010 505365 137388
1 500345 258
3 340453 884981 949713 708413
3 300525 663673 114553 573183
3 552596 705438 112858 543270
3 687501 93954 38929 97582
1 473460 703
3 383585 66731 643755 246677
1 166540 195
3 166540 454380 166540 982049
3 499033 636267 930590 58557
1 500084 999
3 608602 271894 366842 344833
3 99544 977625 798770 295482
3 506917 873766 757870 830541
1 21128 682
1 171184 281
3 364537 613908 875432 266773
3 205791 410992 498774 418351
1 81023 993
1 713758 862
1 788395 419
1 131820 335
3 435082 308187 905772 893745
1 53327 122
3 53327 304571 53327 879316
1 590308 683
3 590308 943925 590308 614610
1 517489 414
1 738442 558
1 990187 998
3 990187 491060 990187 716783
3 192176 242163 97017 681064
3 9762 280219 548193 2892
1 577243 319
1 482094 706
1 917996 364
1 318924 167
1 691408 82
1 815282 621
3 815282 364677 815282 875827
3 579473 133723 139459 168772
1 199263 947
3 199263 637901 199263 764245
3 489156 545608 933487 46719
3 704111 272206 753316 840631
3 805473 933262 591756 895179
3 11580 479987 813771 894866
1 17933 400
3 822582 177896 601577 447151
1 593673 546
3 194530 135167 970693 175506
3 209378 942417 879422 608335
3 854271 952111 60218 752749
1 407193 60
3 497838 98528 863317 441391
1 448405 859
3 448405 596342 448405 748332
3 987477 444895 598598 123245
1 67612 995
3 621240 212698 170082 693569
3 516051 181721 723711 888199
1 750688 271
1 427830 41
1 900238 95
1 245801 975
1 494155 404
1 976106 45
3 686480 29420 547571 417502
3 24346 952211 369726 915117
1 566641 164
3 566641 553420 566641 609
1 593877 321
3 270777 278522 604820 605417
1 991207 646
3 191841 199494 892548 28835
3 959198 765330 907081 837516
3 5921 533742 935378 183100
1 323793 992
1 396834 155
3 679130 902168 166385 671752
1 433599 455
3 190135 860495 898720 817369
1 651413 165
3 487092 872560 746144 758563
3 531528 583090 275310 793459
1 347855 24
1 464357 417
1 718048 913
3 412517 187735 492748 364877
1 816924 81
1 806663 346
3 806663 436240 806663 818518
1 965598 134
3 965598 588810 965598 669951
3 814012 584653 461457 350041
3 303017 523060 549209 319469
3 178451 157884 613537 725751
1 356956 222
3 836980 59349 505520 982773
1 215498 422
3 416789 142689 37539 258740
3 70722 939227 917838 608882
3 333971 5604 540118 303443
1 323183 613
1 498437 889
3 693239 586773 460340 589017
3 366700 539333 661194 35910
1 834768 551
1 787060 14
3 225794 934789 640432 439621
3 813222 920645 809176 168837
1 295406 757
1 306190 553
3 306190 162096 306190 548563
1 836099 367
1 176231 633
3 890616 466655 604728 75883
3 521532 41644 514100 583186
3 249551 251446 355103 122987
1 637847 631
3 887331 408008 585455 543099
3 181704 967495 145859 555934
3 839645 630698 899883 97355
3 947847 438041 482998 126968
3 248268 107003 356580 919965
3 736290 570183 441170 80797
1 809397 419
1 972853 505
1 830992 711
3 814020 339369 251656 323604
1 558853 877
3 573727 995476 47268 510233
1 864432 224
1 433153 51
3 555150 466036 969775 917117
3 541649 360706 842364 100526
3 881712 723541 936948 850799
1 528745 712
3 678339 1519 207839 547488
1 28152 232
3 748431 412133 550771 334502
3 172951 699990 194030 80138
3 94942 593383 391000 619290
1 574752 230
3 574752 507363 574752 154805
1 439007 383
1 431508 848
3 431508 456508 431508 140649
1 690758 922
3 607817 335870 230827 721172
1 501761 499
3 613528 87065 760230 522052
3 291624 547155 739072 208776
1 835321 946
3 826600 215725 822593 845890
3 182785 917436 528803 268876
1 648742 443
3 174179 716470 199803 471286
3 683879 618103 734271 641014
1 360296 53
3 360296 776707 360296 520771
1 336138 239
3 115823 884147 633925 66225
3 33233 498933 974875 781609
3 112803 468079 898676 651745
3 864194 457587 582498 829438
1 148804 653
1 397484 82
3 397484 538468 397484 458849
3 141537 549107 698828 699237
1 72242 275
1 978467 929
1 302760 226
1 516618 822
1 383016 277
3 406454 960272 638246 374752
1 596435 494
1 879236 306
3 631441 882166 483917 401617
1 791626 499
3 517029 22681 870752 715720
1 639227 884
3 349172 8191 861700 179603
1 753251 212
3 340512 11943 494687 715629
1 491809 903
1 455017 616
1 973113 5
3 8480 855232 519205 706886
1 690753 378
3 444039 158063 250609 531084
1 960287 304
3 433257 993366 928843 620205
1 977107 588
1 467492 874
3 797082 270815 35166 772598
1 382437 364
3 48007 462244 170589 719558
1 828719 828
1 270528 399
3 363026 825340 174851 942185
3 430087 486130 137902 748880
3 410560 997076 423 523369
1 958007 307
1 269776 186
1 551336 785
1 573861 105
3 573861 383873 573861 925709
3 995930 537288 62283 278630
1 14212 833
1 953338 741
3 873032 545578 34744 599137
1 327006 831
1 773485 317
3 744915 129004 380002 236135
1 661565 86
3 800971 492752 356435 399173
1 541011 520
3 18281 119713 260414 970393
3 26777 638783 545023 27112
3 643479 480248 943218 200433
3 625492 138000 830957 580556
1 407390 919
3 407390 16660 407390 540235
3 486133 259108 749775 554080
3 788867 399904 694341 2854
1 408066 297
1 828172 76
3 699846 755891 5004 765896
1 246076 749
1 473475 790
3 473475 107941 473475 369504
3 811747 220221 186856 520955
1 914106 296
3 747800 147008 458971 205250
3 728333 368050 150303 411344
1 963564 299
3 963564 624364 963564 86630
1 848347 616
1 29647 274
3 405074 118532 21066 811462
1 822098 276
3 556274 789668 811884 808697
1 227914 30
3 400109 758869 527429 484554
1 546601 92
1 262891 204
3 262891 554380 262891 537508
3 760368 786651 959776 584974
1 868841 824
1 680939 442
1 8280 496
3 8280 384294 8280 321263
3 826758 696706 806946 772280
1 945539 30
1 717858 919
3 717858 321543 717858 823928
3 339469 553563 265316 62023
1 470807 952
3 454597 602639 989970 881876
1 378007 283
1 388124 330
3 467004 295299 845846 562062
1 86278 255
1 993860 200
3 475074 495479 745288 292433
3 529281 790143 571849 949458
3 860441 701493 516380 414467
3 654986 410967 736612 153040
3 55041 328683 308923 135792
3 255697 169158 714776 706938
3 828393 730229 404940 833351
1 824018 580
1 807893 203
3 366557 822116 896718 543354
3 190391 261425 701543 779360
3 36258 374513 931366 107963
1 289013 254
3 821529 893925 119569 414331
1 118270 308
3 118270 188285 118270 598646
1 534298 129
3 534298 885034 534298 104121
1 265702 646
1 525664 479
1 200396 260
3 970113 672389 104210 816267
3 431519 561453 885043 778592
1 440918 765
3 598686 632682 470077 833716
3 963342 959021 323763 42959
1 401335 52
1 393350 778
3 929740 974089 217367 65195
3 478700 854253 630426 875020
1 721553 728
1 821456 987
1 356300 823
1 597454 597
3 597454 467232 597454 899534
1 94986 573
1 205021 463
3 982866 423508 96179 545110
3 160543 325051 272319 420149
3 283790 950855 397059 145236
1 454007 476
3 490296 191486 846933 624878
3 471647 945766 358487 56805
1 413614 523
3 413614 137316 413614 908123
3 617673 841665 461941 735206
3 652972 179304 161716 834321
3 519405 837798 973308 560826
1 264093 777
1 703917 249
3 322103 583153 68926 565706
3 312674 809890 310009 137894
1 342974 851
1 959329 727
3 313383 39803 988765 828060
3 47038 876352 182757 562029
3 167840 983893 268901 996045
1 494423 452
3 494423 830062 494423 451185
3 618240 803852 760214 134120
3 668164 284168 200995 829160
3 28789 932522 926328 540554
1 852642 352
3 896247 951447 709732 643078
3 100925 656272 882264 486488
3 889366 419225 348965 643636
3 292606 317212 454124 343960
1 573296 220
3 631917 399094 857423 361624
3 722313 877457 166919 275648
3 848471 320894 279862 994833
1 929213 339
3 949334 477955 478453 132437
3 584511 669825 719457 774709
1 15334 131
1 330016 677
1 508158 918
3 531543 460080 442173 298273
1 65929 499
1 974582 189
3 470290 861094 887305 94967
1 772260 794
3 504559 673063 493612 230923
1 899819 907
3 301169 670516 516456 90702
3 923702 90915 884810 460258
1 809263 802
1 204720 989
1 566929 11
1 75311 783
1 855695 105
1 766109 546
1 260298 803
1 568406 865
3 253416 682525 567459 612589
3 254097 202751 809993 18898
1 490847 0
3 490847 617157 490847 743189
3 10790 822559 843948 941940
1 539828 26
3 30626 129556 717272 464823
3 173830 701596 763040 101536
3 973955 196896 84993 883821
3 176313 362686 149441 468835
3 769032 746513 909120 690103
3 465557 852518 324204 23732
1 750528 952
1 622566 497
1 431429 69
3 886157 63491 709361 812002
3 758054 408617 706231 103145
3 285799 709882 132838 578617
3 849761 693024 241680 779713
1 86738 536
1 378700 396
1 590358 897
1 392092 575
3 392092 282404 392092 305372
1 821990 262
3 868564 744141 831670 666984
1 917176 614
3 740423 994825 581865 382230
3 475300 757240 121424 192207
3 488463 859655 722015 385740
1 292774 490
1 660167 449
1 582650 105
3 482436 317855 778693 921858
3 449273 698492 795806 692343
3 550903 24284 630110 240917
1 890943 206
3 526066 386854 699967 908065
3 249532 114370 584881 588801
1 451600 731
3 524082 78309 193120 710821
1 320659 366
3 340682 18299 479035 121242
3 426794 376783 569451 773018
3 590358 759660 379132 316998
1 894015 834
3 206639 185679 349057 717529
3 929231 808894 808283 953415
3 241213 118613 42923 92363
3 865090 200167 515051 983648
1 71754 442
1 480222 964
3 26926 301532 735176 240995
1 86651 160
1 53965 774
1 349151 760
3 165820 264837 968231 455533
3 482288 371809 967469 605275
3 424619 471842 644254 601294
1 688272 670
3 688272 428118 688272 321749
3 826696 991558 658704 224835
3 476474 546461 687863 433305
1 872738 893
1 733937 600
1 42872 254
3 671702 672498 973038 590676
3 484060 657860 929154 298156
3 385415 738060 416886 733386
1 477888 180
3 551728 976903 611592 750946
1 811076 12
1 404170 195
1 295591 354
1 306290 948
3 964198 345329 529166 742541
3 276134 302034 863629 795785
1 622748 135
1 362672 496
3 362672 965015 362672 622172
1 963830 400
1 540967 526
3 557934 109418 905241 553083
1 545935 611
1 147841 717
3 332332 741003 965105 193421
1 261213 889
1 425437 933
3 202192 722305 248938 238878
3 449962 598041 821930 769232
3 968503 89729 629120 66106
3 523584 501590 695928 943439
3 757059 654086 394206 519101
1 361727 51
1 476755 557
1 424538 212
1 661949 32
1 441190 889
3 605542 348512 776742 99232
3 104835 907477 951800 410391
3 584869 512110 767954 102553
3 939751 59646 590693 422077
1 638542 372
3 408076 247954 942253 303103
1 738378 530
1 148387 93
1 752929 661
1 600924 656
3 518524 432741 96381 539174
1 338920 349
1 946811 162
3 271491 420985 126191 546299
1 232365 261
3 205820 898131 976640 574033
1 952842 165
1 177346 648
3 182580 399000 18561 686418
3 536366 746891 142659 328615
1 384417 763
3 721191 400116 586567 165653
3 290332 48227 525409 239795
1 493375 770
3 910714 371776 582099 449518
1 907979 14
1 84895 117
3 34265 450042 277843 458081
1 805164 331
3 594987 750972 893427 991866
1 405607 221
3 918759 401691 199805 920726
3 488242 545018 241901 37927
3 121802 14889 358982 774738
1 282800 153
3 392110 557150 209630 277579
3 224823 508367 822520 142720
1 595778 11
3 171547 817339 875250 749464
3 534109 235509 757828 647499
1 598198 859
3 748797 843659 914729 832251
1 312275 44
1 462081 489
1 288048 797
3 844958 64498 267191 300301
1 170043 726
3 802491 129005 164897 938712
3 759806 410024 252430 336821
1 44993 530
1 587834 708
1 886568 370
1 78745 637
3 84956 726566 934172 321579
1 794158 694
3 916408 513761 842223 215481
3 560892 473393 279558 850093
3 467972 747505 914980 451109
1 382240 541
3 382240 788537 382240 481471
3 374578 924613 168268 58518
3 548608 229303 133912 898911
3 662540 612033 482351 437587
3 500415 650534 687960 723823
1 750120 678
3 930563 948039 287620 133335
3 853789 740986 36075 356103
1 393554 170
1 12346 250
1 473766 913
1 449836 964
3 449836 570731 449836 665694
1 317062 623
3 537783 773283 451278 79595
1 261660 247
1 784680 72
3 739181 618478 271367 517828
1 242152 69
3 808719 907326 762171 675795
3 551964 212155 897760 219385
3 881074 689733 435186 348578
1 921960 384
3 474421 557474 764961 264176
3 774614 206948 170226 121107
3 525792 298269 426040 403389
3 448525 321350 379648 355836
3 768309 61435 214386 813593
1 625467 300
3 550002 302371 504748 570444
3 524022 935410 263859 900621
3 919247 471577 114184 381746
1 990983 667
1 458848 422
3 168475 102589 838078 709725
3 78966 118137 433164 524107
1 315346 51
3 994672 412677 156614 909864
1 932344 196
1 732379 175
3 490083 829212 57181 858590
1 56754 207
3 243523 386376 863604 700253
3 514011 258640 560095 263212
3 294821 390084 503926 125548
3 674249 538061 597644 913986
3 407038 183553 949039 352987
3 501264 811094 160073 262716
1 690099 303
3 690099 265279 690099 366887
3 974050 670161 771428 726842
1 396257 98
3 396257 766407 396257 573065
3 275410 62937 377145 689605
3 260248 806799 450274 179962
1 56917 945
3 858535 345169 360960 130788
3 75642 589945 917144 47441
1 614709 298
3 57915 478266 124391 761581
1 429941 646
3 631100 44407 816648 385512
1 132829 360
3 48437 277007 32140 157039
1 120649 469
3 603352 700060 679298 794148
1 585629 355
3 652333 543518 690831 9582
1 598697 184
3 429484 848645 569496 501432
1 493435 553
1 990289 128
1 616493 212
1 8990 284
3 30292 613986 115394 702694
3 616254 79762 304545 444003
3 63254 226200 245375 333899
3 685246 700303 512422 496961
3 407927 197427 4588 425490
3 770479 720638 322071 630688
1 973218 373
3 28336 967680 991225 446959
1 43708 756
3 43708 68273 43708 522325
3 607498 260885 506422 606048
3 687367 979057 133718 680581
1 664252 409
3 234412 896252 601714 163955
3 264681 912759 150976 722841
3 891988 136185 918299 236245
3 598560 623566 474777 223258
3 708377 80531 466317 18053
3 487917 367891 594261 938969
3 893861 288300 309304 905669
3 805873 225573 547762 152574
3 9546 905427 699001 155887
3 900132 48882 892565 806864
1 16244 806
3 695764 145578 818311 87107
3 244918 984426 772688 464952
1 757942 942
1 394832 896
1 708742 167
3 243233 926633 858314 445621
3 733985 133404 647029 707502
1 180731 932
3 640036 597184 487135 885630
1 235101 576
3 667086 932347 710296 839111
1 389581 382
3 281901 767361 656399 680812
3 354416 306535 609875 201147
3 251465 992670 238454 793444
3 216615 25279 767623 252166
3 692042 318396 146525 995070
1 7797 780
3 7797 857594 7797 128038
1 755399 959
3 582847 731933 866552 74609
1 562669 656
1 685937 613
3 213404 137988 273298 771840
3 214913 96584 896126 810156
1 332280 958
1 550568 789
1 92990 932
3 92990 33003 92990 12570
3 597579 101498 94354 489732
3 711209 608339 392784 404811
1 920516 674
1 390556 874
3 429784 620634 73075 833051
3 387270 558320 104442 44153
3 303269 3717 440767 412285
3 356300 667861 98827 896880
3 823045 167904 97368 955059
1 11824 478
3 11824 125188 11824 642940
1 165818 980
1 876288 981
3 197442 947318 249123 351059
1 811479 915
1 98075 936
3 98075 737051 98075 528898
3 449319 353544 347402 190739
3 218382 46241 179129 46643
3 487524 426159 608512 950460
3 314055 161046 797494 843535
1 428640 353
3 428640 802861 428640 294257
3 553774 199581 530529 826487
1 561754 299
3 58412 298754 225015 569206
1 105945 708
1 625767 453
1 47971 271
1 667862 637
3 539225 343230 116502 867728
1 406110 725
1 583660 486
1 613831 839
1 820616 904
1 957597 579
3 126316 620598 862537 195165
1 515645 850
3 905424 828550 468041 502455
3 201277 703198 831154 380909
3 687456 784921 663108 340842
3 261053 301975 747478 659663
1 183234 97
3 899636 408520 908645 183809
3 130113 686864 492620 317011
3 629653 634220 586277 709704
1 409861 226
3 400608 82830 440786 882944
3 102515 173363 140018 466275
3 408583 965165 596715 840905
1 812311 693
3 812311 21481 812311 759055
3 752900 16461 471513 982452
1 578162 428
1 516838 868
1 509350 437
3 921369 114631 438523 85916
3 934524 329609 121815 5757
1 474895 968
1 740484 488
3 147755 988829 907869 404032
3 294509 716209 651448 111027
1 653351 539
3 786536 685140 480121 758332
3 2440 436670 104272 733628
1 218129 673
1 95836 867
3 392247 308191 268812 659910
1 595105 500
1 117820 728
1 845070 662
1 662257 954
3 100037 438754 286968 223862
1 138903 490
3 157330 377530 494148 990112
3 450761 450490 107527 266683
1 222362 928
3 222362 700397 222362 518066
1 544606 732
3 13323 955292 942551 907756
1 467630 350
3 981913 505323 327867 847024
1 400385 985
3 670575 117189 609832 953747
1 661498 332
3 437691 822534 472849 221093
1 268627 890
1 406139 212
1 785122 823
3 506701 605291 913067 302528
3 587934 491191 734069 978355
1 490693 974
1 32665 970
1 971687 418
3 487906 281490 686773 838086
3 785301 589870 291105 77453
1 49928 775
1 378539 103
3 547763 129660 187138 294357
3 84263 644564 241962 78009
1 674417 797
1 193271 895
3 141527 491506 259106 500855
3 297519 93707 580928 260523
3 387795 390599 711858 497268
3 471197 834333 152343 330298
1 91830 342
3 91830 15975 91830 24493
3 788679 295406 257964 586278
3 314166 58377 441887 15119
1 218543 51
3 218543 422975 218543 836171
1 845126 104
1 846460 301
3 199444 299602 165537 142674
3 295492 269419 985518 374360
3 220703 541242 221421 26479
1 447599 342
3 43584 7946 155060 763425
1 575159 583
1 694769 239
1 286118 907
3 637279 240222 155996 193316
1 137156 685
1 980010 817
1 725606 486
3 41638 855013 725769 766472
1 600488 167
3 142739 996336 325565 216608
1 629330 958
3 701538 18593 345128 10537
1 638874 726
1 590263 423
1 675114 987
1 51017 830
3 51017 545176 51017 986193
3 983174 393110 505060 786472
1 950731 742
1 923901 138
1 515612 828
1 575893 0
1 908231 918
1 850335 403
3 328698 400497 811039 786356
3 534057 252418 72598 493688
3 488405 72830 765849 414247
1 865168 279
1 921552 733
3 564593 182416 537485 851000
1 964508 485
3 665019 576521 142566 545533
3 709220 218671 364146 734086
3 233063 355893 28715 617104
3 716839 969001 46808 923766
1 787092 852
3 705228 397257 621845 420599
3 541548 365514 896185 913581
3 230609 18335 492021 283205
3 493472 560065 51397 25565
3 969753 868927 938718 894685
1 106182 646
3 917055 978676 888489 416386
3 950854 551689 878356 464489
3 376231 390436 275181 445223
3 901521 970643 273817 756262
1 552760 925
1 532948 674
3 781497 136926 902014 56917
3 8013 66818 748403 660853
1 817314 766
1 91335 60
1 581221 196
1 496622 674
3 134864 870614 24592 623485
3 516658 246740 459376 924122
1 421065 935
1 166635 389
1 446960 154
1 366331 338
3 832412 986390 239628 772497
3 967575 617303 891292 682305
1 648908 598
1 995462 706
3 772524 697548 752880 201055
1 196055 718
3 504667 505703 668681 827941
1 143394 637
1 517549 245
3 684124 131606 453535 172809
3 213506 512851 970459 375226
3 70489 994645 240 913652
1 539094 968
1 136575 340
3 483527 116829 481823 527019
3 395874 153001 632236 312598
3 771134 729563 919772 138984
1 551336 343
1 280189 640
3 617469 716277 463224 674161
1 180364 296
3 972113 646623 367534 616915
1 954290 908
3 954290 698849 954290 967655
1 920334 468
3 31784 224749 808976 170360
3 288144 603642 985258 217194
3 995908 428619 466718 916317
3 810309 103214 223563 99800
3 516668 884430 693063 75285
3 222310 587905 209166 985152
1 267500 738
3 267500 522270 267500 922591
1 867597 602
1 9330 514
3 9330 483268 9330 36854
1 54174 397
3 816546 885362 840105 353148
3 604481 709176 880187 233307
3 803753 494295 48992 995690
3 925835 579633 124680 24765
3 555799 755411 687717 144657
3 739749 982486 491314 965457
3 78680 742525 299732 236769
3 989422 105123 738092 340609
3 277475 555150 524767 139543
3 753037 611314 960895 401676
1 989921 816
3 183860 923458 32660 609168
1 18854 905
3 531098 787920 955365 665766
3 670418 773608 108221 183388
1 779576 543
1 154055 537
3 486410 925702 230995 489609
3 143375 466393 698943 242978
3 517330 259004 506608 297068
3 990759 455451 803016 940817
1 199053 742
3 718323 384526 715200 52925
3 649511 89220 929735 24709
1 849445 407
3 849445 298042 849445 877611
1 789399 550
1 327193 858
1 490938 662
3 494992 610275 600267 499186
3 819257 785517 409488 828050
1 208336 597
1 803803 671
1 401328 468
1 181514 629
1 56345 158
1 994918 882
1 741936 740
3 266746 411485 766324 48382
1 261584 126
1 31984 656
3 624264 623595 441957 434829
3 792468 391038 255069 805666
1 845885 702
1 588140 577
1 312560 103
1 690221 556
1 160999 369
1 581102 647
3 55965 426782 673323 893095
3 294178 913611 36172 726539
1 714432 590
1 733052 346
1 688578 189
1 460057 714
3 460057 948977 460057 526287
1 116429 717
3 772022 442250 61678 473224
3 840668 110402 89955 214021
1 711447 414
3 711447 392795 711447 982757
1 319288 228
3 293138 165429 635318 903577
3 430244 183043 638358 742766
3 964389 115898 607509 344597
1 279918 707
1 825925 633
3 888197 960968 145446 694989
1 366777 57
1 425733 614
1 4658 209
1 679522 41
1 477414 403
3 974197 783212 897772 29730
3 121596 591965 884202 883983
3 415329 382695 342344 527029
1 701022 16
3 456355 492317 548065 132253
1 632547 696
3 130648 485980 93291 169042
1 387207 926
3 572927 620508 852975 137385
3 518044 385439 132551 319983
3 435004 591376 695348 788119
3 459012 208655 989295 613516
1 650204 121
3 851341 839243 594231 872632
3 486141 115817 41632 450749
1 966936 114
3 966936 570733 966936 117671
3 136874 839088 223400 788947
1 700504 227
1 442301 303
1 25299 587
3 643671 196959 249045 393976
1 417486 169
3 110388 115939 190416 283222
3 238507 540569 832357 546750
1 738356 174
1 595467 89
1 972496 36
1 518988 975
3 804422 493140 285446 56432
1 534446 719
3 534446 56359 534446 3140
3 967559 86108 965333 900776
1 619193 542
3 805439 555681 803592 658463
1 989448 26
3 760011 918304 280688 45155
1 988887 706
1 90209 245
3 90209 79667 90209 49164
1 949649 400
3 444522 731116 923537 705759
1 834418 610
3 787467 386629 406915 367292
1 375717 663
1 244060 162
1 922111 446
3 798010 144537 742267 528030
1 609035 297
3 697445 163500 785271 456650
3 932752 281732 201801 467849
3 95931 303083 436408 80101
1 702978 84
3 385978 795003 815955 880599
3 523160 696604 376307 633565
3 673546 285115 787546 175520
3 426103 366679 787767 946092
1 760659 693
3 282152 852015 271981 347029
3 491514 570171 171746 949534
3 641212 739683 678599 864308
3 551996 925188 864644 634230
3 528367 133421 366984 892238
1 510667 185
1 854241 774
3 654936 253728 272572 532797
1 451697 573
1 449263 604
1 418165 630
3 249319 151083 983544 796997
1 825258 386
3 974449 327038 421294 35407
3 278218 988570 154056 340641
1 198191 462
1 665774 260
3 665774 971299 665774 964232
1 58935 720
1 883872 180
3 788244 447719 212044 219536
1 336713 829
1 764841 464
1 94722 691
3 752072 323763 359731 511479
1 771968 555
3 419890 737225 989278 666958
1 185667 433
1 485982 951
3 282574 207989 129733 276671
3 865384 164463 693668 922534
1 650936 798
3 650936 528695 650936 218887
3 94676 915460 922610 747326
3 767289 615911 169232 401176
3 865040 959803 946977 445045
3 422264 768508 738798 699475
3 23593 905405 855962 893301
3 866547 238901 76782 715116
1 769628 630
3 769628 466132 769628 329553
3 984824 71062 661621 52794
1 599141 836
3 585446 980155 628533 328348
1 162187 286
1 327546 965
3 219870 388040 624476 846814
1 747056 21
3 638792 662551 405269 85815
1 993866 405
1 511739 849
1 157410 672
1 641061 66
1 18182 581
3 18182 157646 18182 286816
3 158060 574687 508792 153292
3 564389 394568 282347 775666
3 301184 864122 330630 144400
1 105397 105
3 609359 329390 377955 228566
1 581122 370
3 567536 688123 669842 914149
3 193244 272947 351838 437300
1 737982 332
1 49678 563
1 575949 573
3 331585 96605 944964 970879
3 705724 790802 116446 908907
1 298315 265
1 14761 197
3 408412 820905 339094 941773
1 923343 846
3 946793 861714 18929 163424
1 861305 787
1 655539 232
3 68181 458528 75737 506304
1 327409 132
1 705935 902
1 876471 632
1 181226 750
3 229919 100706 553290 451039
3 483357 595554 336592 691974
3 417060 5965 586441 532203
3 207511 51667 214271 485915
1 534111 401
1 682663 77
1 293420 964
1 395025 458
1 522546 974
3 925537 537740 157344 189000
1 741436 488
1 434623 271
3 378507 24858 990931 835945
3 851138 841843 385826 728753
1 431456 654
1 637422 360
1 831888 63
1 514617 946
1 547100 458
1 939293 212
1 285567 788
1 49855 917
3 652887 139814 553680 591019
3 932785 920537 27072 224434
3 814546 945956 914667 205957
1 857529 76
3 857529 487167 857529 490485
1 923531 16
3 97513 325991 97970 713135
3 868385 512759 740769 672807
3 836445 438548 359217 759345
3 555544 501225 609254 592618
3 882964 314287 158026 508900
3 509527 264750 921480 932360
3 874898 632792 262221 941821
3 958228 692128 311618 843817
1 409720 574
3 394155 107368 846924 541082
1 844735 664
3 534861 817371 430151 715754
3 66337 505802 542114 82826
3 691957 549263 218662 166889
3 238151 718563 779398 836924
3 779508 774763 424373 367837
1 954959 625
1 984817 98
1 66059 176
1 509979 229
3 148889 865502 998028 560100
1 591403 343
3 1109 66326 371313 52
1 204440 114
3 204440 619466 204440 973774
3 3439 8992 219735 947645
1 361878 420
3 177597 97022 459777 201937
3 320084 346666 853828 805016
1 974539 675
3 530688 782746 918042 510682
1 381035 533
1 601948 859
1 226001 233
1 544565 535
1 904747 345
3 904747 545086 904747 541359
1 765072 242
3 248438 202187 664704 246601
1 145067 245
3 473770 183577 599386 687284
1 907497 734
1 84776 876
3 139003 597340 156271 368986
1 808791 787
3 808791 368759 808791 974389
3 737910 477295 703720 28824
1 837343 222
3 88905 561967 748833 505507
3 386313 962378 823699 442447
3 533922 457884 777179 259217
1 262567 387
3 262567 151033 262567 629066
3 122895 776042 58504 103996
1 224262 795
3 7282 176986 160363 116246
1 624540 397
1 178211 891
1 245647 486
3 245647 563304 245647 417649
1 856541 231
3 856541 546841 856541 998797
3 61330 614341 152485 237525
1 951170 829
3 489990 274518 316976 765354
3 395627 800633 643425 710931
3 371801 26679 589812 385461
1 84615 782
3 84615 118375 84615 785677
1 956031 754
3 49593 193689 375798 740660
1 306497 593
1 984633 939
3 774243 884534 337729 192035
3 656616 720192 173889 456277
1 453944 603
1 130468 784
1 204028 721
1 948242 904
1 593258 89
1 230995 149
3 646206 976109 709317 707538
1 798796 570
3 248669 481565 8979 915786
1 896673 990
1 583207 504
3 213325 328223 124544 400583
1 858146 848
1 433586 876
1 367340 384
1 831718 656
1 462289 663
3 462289 225433 462289 869491
1 43132 91
3 865639 972099 27959 403625
1 155317 641
3 335877 477144 400468 240962
1 819962 427
1 286603 731
1 589873 239
1 21280 286
3 892187 606403 460525 21758
1 65861 439
3 7817 303472 150729 21908
3 224449 176842 826834 824269
3 974656 835481 262007 23074
3 182439 944967 347782 194802
3 977513 447312 164991 272561
3 914377 44086 985656 671406
3 321367 625809 169160 254368
1 506435 316
1 531743 119
1 835924 786
3 525440 129676 967631 620637
1 234544 293
3 828481 157495 11881 536931
1 159169 661
3 953141 395982 145291 647114
1 698615 377
1 570040 632
1 372920 970
3 49637 355031 828001 875381
3 422629 290170 522220 224516
3 154994 930144 385949 736317
3 541036 540277 423699 414141
1 70877 284
3 612480 245828 722664 211323
1 570130 98
3 449714 959121 41363 281315
1 492421 849
3 937405 593691 390118 197082
1 767054 0
3 295385 918350 556000 955209
1 198196 293
3 479216 972254 894905 119773
3 286533 229911 628483 391788
1 570309 410
1 940389 270
1 908720 643
1 623919 962
1 557800 560
1 345122 81
1 899754 913
1 309472 996
1 415169 424
3 210682 622190 224011 581684
1 96718 312
1 270834 850
1 151725 383
3 436798 85683 104149 282810
1 748737 675
1 765283 775
3 661780 580395 713274 297562
1 74833 299
3 139950 812926 42457 910716
1 347174 661
1 969960 27
3 604949 542374 732135 559488
3 197003 601127 77396 660734
3 992404 792525 471106 629972
1 966633 267
3 475932 39073 187368 159246
1 227631 8
3 335613 663191 14299 915668
3 405235 973304 568561 591114
3 736558 863394 78064 752889
1 851208 991
1 916730 986
3 753243 415547 306392 888709
1 399580 941
3 439778 689107 759424 433432
1 108783 878
1 638086 954
1 987981 215
3 739570 931680 183692 50867
1 784354 836
3 161790 660325 621108 157867
3 836858 363611 647069 41130
1 640999 884
3 618593 314729 746670 121792
1 505977 671
3 505977 442813 505977 669001
1 686989 799
3 686989 966948 686989 564623
3 348408 21877 314226 361843
3 9684 780010 941947 984448
3 245911 141902 607814 944229
3 983576 67498 144715 416526
3 46309 291525 309091 163716
1 97097 484
1 114008 266
1 955840 227
1 140622 991
3 176885 536954 605083 136131
3 584923 170516 404870 469061
3 162791 997923 659670 83736
3 829414 855071 941362 373451
3 779998 171159 486276 392744
1 895263 739
1 658811 406
3 265823 713772 945024 345304
1 757523 241
1 629212 967
1 267936 725
1 577412 866
1 518518 614
3 336277 518433 418262 564950
1 244859 881
3 982548 433905 949472 811486
3 191650 870727 648796 708491
1 571053 569
1 811717 567
3 243820 784861 510471 22171
1 598501 118
3 425832 954514 361805 644980
1 230620 235
3 160566 25756 125301 363527
3 146087 795393 204436 556663
3 191544 207052 319747 760673
1 999303 850
3 975936 847287 907601 900499
1 229332 400
1 766228 689
1 662341 466
3 519741 295469 458822 816416
3 223602 136624 42478 428924
3 933046 849736 288350 780933
1 296518 529
3 358385 125866 873982 11400
1 805757 819
3 670174 454236 170988 813021
1 646894 122
1 36583 662
3 6152 988926 516761 213455
3 291851 228862 82400 407408
3 494029 587635 739149 45194
1 464048 325
3 636217 410211 76577 856007
1 357906 573
3 669826 199155 650219 483424
1 678778 401
1 880380 517
1 318524 565
1 26692 113
3 736316 767461 920398 657849
1 685556 214
3 457227 761366 828497 786905
3 950258 125733 642234 175318
1 699586 79
3 495801 115621 127840 26333
3 636605 608856 609794 529396
1 134644 51
3 240872 579635 972421 851783
1 457663 847
3 985113 319871 203886 455450
3 307225 924499 757915 383072
3 272045 60130 346737 115605
1 461426 914
3 883276 762523 98019 679522
3 830331 129736 133342 437918
3 921542 773824 642829 274506
1 187617 799
3 440073 782188 572156 584002
1 725975 517
3 725975 784321 725975 291111
1 441316 173
3 118155 399601 129464 21836
3 575179 887995 86856 180428
1 144964 864
3 144964 316556 144964 766307
1 147361 0
1 190592 462
3 190592 403909 190592 335928
1 213271 577
1 612196 397
1 179861 974
3 414749 235974 621012 615331
3 528117 44498 558032 700797
1 36546 682
3 630830 156827 180061 722903
3 132981 964109 193362 215362
3 313089 635834 288126 493161
1 134260 353
1 619904 162
3 914346 6812 755811 969236
3 275909 540283 711372 604496
1 808949 734
3 797667 416236 561069 110468
1 997128 638
3 383531 333124 386463 382006
3 527839 246282 755723 797417
1 475428 272
1 261233 80
1 458995 246
3 458995 167779 458995 70601
3 537082 173749 453225 490703
3 548708 225371 385524 211193
3 831829 79260 932783 98295
3 502367 580521 487047 465585
3 736329 515992 517987 143461
1 740820 116
3 453320 301745 833292 198744
3 484849 233888 671454 388179
1 337027 176
1 756289 797
3 485837 165395 963540 575768
1 695891 762
1 483094 467
1 865134 239
1 724772 513
1 160719 119
3 964408 329609 181669 702011
1 415282 410
3 78439 807112 320281 588497
3 951315 426978 697297 607082
1 986015 897
1 856123 934
1 64183 719
3 217165 119537 773743 935575
3 222225 914071 299398 661046
3 198807 865325 56075 769336
3 655356 735258 316376 660201
1 191826 488
1 572855 329
1 155715 976
3 666344 629711 69097 938870
3 346931 300474 621232 286615
3 690048 562598 485537 776667
3 882822 752603 168133 449574
3 920825 347262 664127 116606
1 764390 862
3 21865 689101 952017 815181
3 73491 856645 381287 584486
3 855346 503498 833853 870085
3 566620 196687 778293 13894
3 616467 3509 550826 282515
3 693127 569267 665748 885835
1 969537 210
1 613648 715
1 617175 905
1 626365 77
3 226261 28058 536445 63641
1 976778 558
3 594456 172993 557302 762535
1 16732 464
3 355239 905753 970052 285920
3 583398 138973 423670 694637
3 500778 400693 128137 149867
1 95597 369
3 166143 902279 965214 521395
1 403755 613
1 439963 914
3 885465 535441 142710 958961
1 303445 161
3 622893 481915 133640 780113
3 652117 734733 416791 664729
1 646732 356
3 63059 121161 172419 635284
1 109776 986
1 679360 551
3 182835 826350 387446 37132
3 978068 393002 34719 990298
1 108851 48
3 355698 37441 339587 310551
1 717718 442
3 475062 944595 748208 296597
1 929325 775
1 621195 61
3 919423 343557 212873 917012
1 395630 528
1 21700 927
1 143093 176
3 143093 28891 143093 536179
1 327026 968
1 382821 182
3 339834 326301 213134 76751
1 345426 4
3 117833 549821 66135 2174
1 266925 685
3 266925 150976 266925 804034
3 522846 934568 773930 505814
1 343461 745
3 18374 753237 26835 438151
3 625672 370114 689902 506582
3 189640 601366 414664 474866
1 342357 422
1 849836 657
1 444891 928
1 43638 644
3 611518 726366 576370 260218
3 783148 911327 553534 298073
1 207435 803
1 460730 0
3 387481 497669 107855 333811
1 90183 883
3 909800 21568 202795 824922
3 554555 363030 644507 633993
3 781696 487191 631554 961672
3 815499 276594 439699 873415
3 918947 877065 800786 288614
3 755842 669500 568412 777884
3 674847 522881 703471 732423
3 824646 759778 574173 884278
3 777855 234070 427168 736325
3 748736 344738 687465 51822
3 376786 693556 166222 856671
1 162884 233
3 137043 194164 284441 332756
1 466723 227
3 335008 615104 904126 284731
3 314395 828526 841211 235926
3 879957 243716 639890 383823
3 589882 318510 708503 311499
1 791181 654
3 330405 355927 976369 523177
3 44432 917348 696038 40159
3 486209 919923 419144 625056
3 931332 894600 984725 876488
1 925182 12
1 527134 596
1 692274 291
3 605095 601241 905750 254591
1 215041 354
1 660466 213
1 509350 993
1 134405 645
3 580278 590669 309932 720404
1 128657 585
1 650470 378
1 998776 577
1 206657 599
1 609194 185
3 87776 796309 281423 234985
1 573734 27
1 225236 339
3 225236 128037 225236 762695
1 673980 822
1 738779 540
1 647086 548
3 642473 527682 736480 579894
1 255953 330
3 241559 174583 628380 448066
3 962925 572668 383912 619405
3 846284 583440 426822 937423
1 441649 511
1 419050 311
3 419050 637308 419050 914543
1 970220 988
3 970220 857066 970220 935591
1 8026 452
1 847168 818
1 301353 611
1 721216 294
3 721216 875801 721216 415495
1 197264 435
1 208147 353
1 700944 4
3 746847 308457 443017 881473
3 14152 674050 29422 734848
3 98000 449259 968066 485823
1 605050 872
3 195942 915117 435156 595528
1 903353 439
3 112249 926316 295816 162719
1 959148 55
3 862194 956682 323142 120913
