2000
1 90462 591
3 322062 133226 668484 133226
1 252597 225
2 6308 817
3 412834 311169 679474 311169
2 513064 276
2 46456 165
3 432334 863514 432334 571386
1 184544 250
1 233552 717
1 132006 865
2 47082 992
3 438138 624664 438138 961996
2 319118 608
2 836245 692
1 955126 758
1 905806 823
3 12323 16355 12323 654689
2 982214 335
1 335971 460
2 345687 617
2 375604 588
1 174502 633
3 719211 822139 952229 822139
3 652790 768753 76791 768753
1 616604 443
1 829585 352
1 48428 610
1 300181 906
1 765248 527
3 523599 211469 523599 996844
1 82226 369
1 514177 774
2 128570 383
1 98907 168
3 415522 325992 415522 803394
3 232546 875471 232546 545557
3 752121 747269 752121 744050
2 468781 127
1 496386 262
2 956803 20
2 697839 513
3 373504 268449 373504 88430
1 349754 909
3 15266 190825 583348 190825
1 742474 38
2 34221 966
1 792408 712
3 262889 780209 262889 546353
2 560145 980
3 532781 499827 651543 499827
2 572250 655
3 692755 627131 692755 522847
2 442468 912
1 831325 928
2 550420 699
1 125653 462
1 109870 316
1 80486 111
2 518062 771
2 15744 836
3 517293 161947 517293 137949
3 266574 589418 266574 208268
2 688577 684
2 877064 95
1 76871 770
1 198229 187
3 448127 458502 260673 458502
1 548473 819
3 346501 33127 355540 33127
1 889256 381
3 324819 317490 205999 317490
2 983567 394
3 606454 983567 85428 983567
1 438752 174
2 478324 981
1 25001 417
1 863101 622
3 863101 794247 863101 62220
1 703344 988
3 273801 86852 273801 157350
2 136069 565
3 143263 400061 724253 400061
1 497874 67
3 961366 737235 112214 737235
3 299889 503841 299889 700401
3 885826 724132 885826 754590
1 803560 878
1 922447 688
2 364777 380
3 948953 300003 583069 300003
1 227721 312
2 769113 848
1 716976 407
3 437506 37246 722389 37246
3 259817 708424 259817 154348
1 445734 298
3 445734 457140 445734 818080
3 254719 19460 42997 19460
2 104171 903
2 867609 781
1 379422 547
1 451924 443
2 221728 187
3 651174 153507 275930 153507
2 812373 941
2 881323 778
1 639591 165
2 510907 5
3 935151 620131 935151 254696
1 429246 948
3 247179 678702 247179 154214
3 118688 935163 118688 999087
2 361640 629
1 970256 494
1 612755 819
3 871471 993848 352770 993848
3 678672 173398 333500 173398
1 60291 562
3 975403 14990 260971 14990
1 979581 779
1 299870 751
3 88780 267421 399878 267421
1 437015 528
2 936594 498
2 687457 203
1 50902 168
1 162309 504
3 516557 239188 111927 239188
1 532857 992
1 437190 471
3 940827 276779 940827 236639
2 396359 643
1 802877 331
1 491424 981
1 157977 696
2 400560 489
2 419722 2
1 440012 958
2 618287 102
2 543547 6
3 87235 179424 207681 179424
3 165065 646497 165065 657303
1 78355 821
1 739773 833
1 145843 264
1 346051 680
3 354404 909891 354404 985296
1 938754 943
3 340105 617421 424256 617421
1 318661 956
3 292522 646085 292522 449796
2 728340 867
1 290898 328
2 677042 550
3 706450 541608 77233 541608
2 928484 277
2 412251 958
1 886615 468
3 577381 913788 910184 913788
1 776398 4
3 659207 65342 659207 293152
2 488339 432
2 399820 207
3 878177 952484 143964 952484
1 498689 51
2 861934 151
1 658506 795
3 771254 796103 432962 796103
1 467867 313
3 433217 458397 433217 156491
2 489655 936
2 415691 464
3 333721 51240 333721 121701
2 474341 21
3 298190 154361 459325 154361
1 93837 778
2 694000 676
1 941687 978
2 671333 883
2 943533 183
1 148345 599
2 183617 207
2 15750 345
2 443532 570
1 402985 16
2 333735 350
3 992728 103971 992728 973265
2 651102 487
2 842861 295
2 840277 74
2 468797 986
3 236929 461619 236929 498466
1 667163 339
3 916736 790246 81063 790246
1 313345 970
1 926582 582
3 664649 845604 664649 848519
2 378031 202
3 120707 378031 533406 378031
3 591055 822067 645717 822067
1 190289 687
2 960381 551
3 769573 437573 362589 437573
1 178691 131
3 902126 611889 902126 473477
2 584505 946
2 903456 663
3 469236 760226 338221 760226
1 456171 606
1 807610 453
3 612515 12118 466385 12118
2 82749 374
3 116362 904175 116362 925076
1 839345 344
3 329451 574893 993915 574893
1 844785 924
2 149854 538
3 968125 305557 968125 960242
1 956105 933
3 956105 55957 956105 633858
1 530730 79
3 369199 412414 127731 412414
2 238038 486
1 795876 299
1 20707 471
3 7803 621960 7803 41300
1 526462 832
1 412092 267
2 127739 867
3 415990 506432 367513 506432
2 322230 992
3 339234 665320 698798 665320
3 466915 903208 152477 903208
2 475659 659
2 893660 321
3 544517 551468 727720 551468
3 705414 129357 908003 129357
1 238882 951
3 286887 769022 960532 769022
1 931492 375
2 161679 530
3 58766 662034 841615 662034
2 483533 476
3 807341 491804 807341 7800
2 853740 164
2 146053 311
3 227228 146053 815350 146053
3 899866 539417 899866 907750
1 606765 709
2 571578 574
3 46910 407117 46910 638422
2 240246 996
1 628362 845
3 506067 141092 506067 494836
2 536774 790
1 463516 553
1 219930 943
1 682426 230
2 732723 117
1 216884 434
3 137734 186100 137734 614762
1 900088 438
1 858996 992
1 753307 226
3 60685 29661 60685 963876
2 514254 884
1 158045 829
1 411525 888
1 607923 496
1 979055 448
3 979055 540384 979055 1655
3 891881 618746 555492 618746
3 769501 655246 769501 52509
2 59829 892
3 785073 778664 785073 612767
3 204356 909268 204356 96983
1 655388 915
3 758721 194241 758721 459911
2 836128 66
1 183241 623
1 50090 85
2 882873 276
2 935844 207
1 505594 92
1 751599 361
2 388378 765
2 424466 454
1 846526 394
1 569419 795
3 446458 948498 348255 948498
1 196956 641
3 393282 888575 477305 888575
2 945836 542
3 569702 213023 698454 213023
1 466805 968
2 735185 952
1 125890 634
1 836897 638
2 741433 500
2 514577 42
3 276538 512848 932760 512848
1 160568 60
2 875203 812
3 858067 406329 897951 406329
3 978344 628586 417304 628586
3 596287 383987 596287 23397
3 262998 696982 262998 115147
1 30285 53
2 525110 846
3 573867 270166 573867 260365
1 452484 587
2 440862 714
3 645886 50252 111682 50252
3 167826 845867 167826 999762
3 905006 812830 905006 535642
2 585862 406
3 991702 211552 936729 211552
1 925662 480
3 219830 366914 219830 345007
3 231410 211533 364464 211533
1 265673 57
3 265673 808604 265673 206185
2 633252 479
3 264395 250906 399319 250906
3 624264 57608 956621 57608
3 141436 995511 224261 995511
3 996186 544623 996186 795316
1 283688 901
1 737166 926
3 600850 326807 209574 326807
3 983827 37379 983827 379365
1 921061 58
1 227191 738
1 958734 356
2 328625 215
3 953541 119962 916446 119962
2 905181 453
3 936723 905181 773618 905181
1 328358 475
2 266296 620
1 337937 5
1 143517 458
1 629817 556
3 629817 446134 629817 969868
1 776096 358
3 129261 494165 97196 494165
2 645737 347
1 830547 640
1 256341 98
2 432939 200
1 332586 545
1 814298 793
1 683935 150
2 355025 337
3 332082 355025 848123 355025
2 526849 160
1 526011 627
3 72332 941105 475217 941105
2 25860 904
3 718134 25860 242288 25860
1 65395 338
2 62398 180
2 156337 283
1 896146 912
2 905671 43
3 256597 771178 486265 771178
2 162542 151
3 86734 386415 86734 664199
2 86781 915
2 926684 266
1 672449 745
1 477383 536
3 849862 915770 849862 575208
2 259916 579
3 176075 323314 950088 323314
2 935919 482
3 260451 6676 260451 737922
1 446081 689
3 446081 540043 446081 772762
3 10993 510560 10993 840
1 580764 832
1 762195 556
2 482901 520
3 89395 715553 733034 715553
3 413836 801828 413836 639392
2 816256 771
2 578935 458
2 971732 244
2 100149 225
3 394167 344132 394167 238687
2 847794 827
2 824089 81
2 323520 856
1 233565 144
3 43622 330271 43622 261908
1 366067 495
3 178389 715314 178389 45506
3 465300 406371 805788 406371
3 44444 912524 44444 992856
3 485199 174224 741112 174224
1 207262 7
1 85476 148
3 337134 457248 337134 19198
1 351086 132
3 351086 21702 351086 508075
1 630870 489
3 906795 197845 906795 253825
3 896057 382631 896057 963764
2 188220 45
3 1843 817018 1843 774829
1 917079 806
3 442380 793748 442380 998062
2 685211 140
2 240420 939
1 534314 829
2 417705 306
2 91768 320
1 433314 974
1 583692 431
2 272247 770
1 980733 25
1 748718 677
1 340295 102
3 869204 800445 869204 306126
2 336918 418
1 830962 709
1 471865 38
2 108238 826
1 530145 433
2 23379 105
1 853753 798
3 503849 558772 503849 789650
2 84828 144
3 823245 99926 823245 585897
2 518835 974
2 8496 699
3 159934 69623 159934 819042
3 621524 203467 621524 518307
2 476879 814
3 315592 367326 107561 367326
3 87219 681927 87219 471751
3 334194 529170 334194 791222
3 327738 33215 327738 564788
1 387838 336
3 842011 207049 842011 466728
2 466710 36
1 317972 482
2 682378 575
1 188452 451
1 614098 764
2 751225 42
3 52298 751225 887635 751225
3 18251 396914 654525 396914
1 350074 570
2 137856 484
3 993300 217773 528316 217773
2 900241 484
3 23392 714527 23392 766817
1 286578 8
2 670992 600
3 492406 868857 492406 492799
3 665917 999143 665917 132029
1 583110 221
1 93643 39
2 67935 566
3 276798 72216 140560 72216
3 567139 969000 567139 627026
1 86323 265
1 336481 863
2 698673 654
3 454694 192703 454694 122374
3 866082 172158 866082 533469
2 618980 453
2 14722 768
3 545003 890930 545003 453364
3 531851 662738 668457 662738
1 18396 508
1 986109 24
3 353289 881350 353289 84112
1 981701 102
3 781588 455007 181102 455007
3 462084 61357 462084 298293
3 956744 299631 297972 299631
3 832869 930869 901594 930869
2 34153 793
3 513431 502504 845152 502504
2 285496 108
1 719336 623
1 870959 37
3 991401 186963 991401 343522
3 549502 532296 549502 735728
3 953447 167775 953447 555972
2 647642 166
3 941644 41451 941644 409734
1 814493 199
1 824195 170
1 711044 246
1 424280 304
1 283637 12
3 307245 843164 787710 843164
1 248885 26
3 958074 768338 958074 27602
1 286031 311
3 907440 903898 907440 544158
1 162690 198
2 46806 899
3 782669 821260 549241 821260
2 904448 803
1 461109 574
1 876084 9
1 787851 270
2 802874 384
3 277505 802874 715047 802874
2 248035 919
2 383766 954
3 661698 541054 113727 541054
1 385721 720
3 150749 97613 150749 724318
2 186633 176
3 721528 977512 968214 977512
1 103402 518
3 692141 4600 692141 261540
2 423088 859
3 320651 423088 496235 423088
2 21532 358
1 532808 320
3 532808 666917 532808 128997
1 191085 527
3 607012 204446 940103 204446
2 825697 176
3 559796 494883 236572 494883
3 472757 130783 425408 130783
2 67350 764
1 203190 646
2 247794 559
1 297898 660
1 406012 128
2 999644 187
3 544959 999644 962169 999644
1 777993 912
3 777993 806210 777993 148253
2 377367 606
3 397650 800393 397650 480526
1 190765 787
1 310025 922
2 267893 792
2 544220 97
1 274929 503
3 292485 581854 90942 581854
2 614832 457
3 143586 614832 716849 614832
1 759897 974
1 87502 104
3 127312 291038 355326 291038
1 376932 805
2 815786 547
1 661039 638
1 709120 216
1 81843 867
1 349138 323
2 241869 736
3 626314 241869 54748 241869
1 330878 818
1 293807 121
3 381561 119565 381561 19721
3 349002 871653 78157 871653
1 876418 828
3 745177 991351 745177 994184
1 854203 629
1 302428 917
3 302428 747720 302428 826412
3 611069 790511 611069 618571
2 529682 379
3 104817 467586 609722 467586
3 822346 185460 425248 185460
3 234707 829918 792475 829918
2 714869 421
1 446602 1
2 163794 652
1 57581 155
2 808049 36
3 50887 353362 483083 353362
1 967000 345
1 713380 535
2 17686 273
3 232213 629970 232213 551515
3 122401 897611 122401 525046
1 22984 416
3 22984 70474 22984 774648
3 433887 983342 433887 651660
1 354516 359
1 180042 859
2 493809 133
2 76795 274
3 375599 85000 846133 85000
3 956447 602385 119247 602385
2 537972 996
1 633927 379
3 633927 582080 633927 223431
3 601120 493407 816369 493407
1 206186 792
2 816726 867
3 795369 89141 992105 89141
1 459751 319
2 966603 889
1 271088 61
1 645393 872
3 645393 469001 645393 602160
3 857665 305705 840439 305705
1 818337 591
2 538392 591
2 367995 998
2 250157 216
3 385944 172787 384861 172787
2 475734 434
3 771466 475734 710257 475734
1 504452 981
1 617392 972
3 617392 660606 617392 251705
1 817327 310
1 145240 284
3 563774 490109 563774 135897
1 672178 822
2 365194 670
1 777660 513
2 396371 110
1 143413 772
3 143413 210213 143413 854520
1 359614 589
2 430421 988
2 165500 561
3 136840 181337 225160 181337
2 376732 689
1 568858 376
3 913706 427656 913706 877708
3 963773 550711 786559 550711
2 23722 940
3 457176 23722 716671 23722
1 759901 844
1 88096 665
1 980129 261
1 10092 728
1 478741 182
1 557057 786
1 865111 169
2 205911 904
2 874877 677
3 830767 995528 303724 995528
2 576114 797
1 419069 423
2 152661 1000
2 195374 238
1 221940 98
3 221940 41973 221940 757447
2 421199 339
1 782844 59
1 161966 17
2 860488 861
1 225380 918
2 19179 784
3 387507 731507 387507 787455
1 557029 119
3 274824 568039 632351 568039
2 748265 211
2 845804 380
2 240953 585
3 956490 843142 401545 843142
1 821236 564
2 450334 889
1 437277 377
3 227640 285989 227640 533471
1 368325 567
1 143554 726
1 638336 949
1 549009 412
2 746184 725
3 407151 526669 733488 526669
2 152991 371
3 75599 745232 270302 745232
2 225546 684
2 978813 133
2 334381 849
2 250212 909
1 595864 843
1 821111 565
3 11130 994915 642277 994915
3 549515 379340 743135 379340
1 701192 186
1 549899 63
2 831751 192
3 118160 831751 788641 831751
2 252977 903
3 568653 275892 53679 275892
2 74354 948
3 518925 74354 87577 74354
1 237587 770
3 165981 819022 535049 819022
2 612173 134
1 423470 965
1 49571 557
3 534072 615410 534072 542718
3 681152 432066 681152 531978
1 267061 605
1 596790 298
2 706640 208
1 463848 568
1 782613 303
2 413139 992
2 17440 851
3 991254 988331 301632 988331
3 59326 44736 59326 543821
2 309823 425
2 857929 77
3 999833 884161 453952 884161
1 31935 847
2 551303 646
1 454625 834
3 740871 927249 380262 927249
1 998772 746
2 908272 885
3 812258 908272 313671 908272
1 378042 712
1 94776 463
2 146947 83
2 209894 119
2 801399 974
3 129185 983263 395056 983263
3 39771 650091 39771 391423
3 906555 643656 906555 311449
1 127578 668
3 296986 524688 718871 524688
2 101299 55
2 787336 168
1 968044 835
3 146974 445295 146974 839343
1 62849 256
2 253787 380
2 403282 980
3 559817 87368 559817 569800
1 198421 597
1 486032 191
2 207958 211
1 989123 249
3 794048 733608 794048 741171
1 372824 107
1 653098 607
2 774318 684
2 665134 804
2 358995 509
3 831079 170831 831079 966575
1 950710 156
2 797885 229
2 285456 530
1 30055 160
3 237785 286413 114468 286413
2 824640 871
3 660850 251185 660850 514952
3 218936 495823 173986 495823
3 610259 206743 909481 206743
2 325008 207
3 881445 325008 864580 325008
3 64148 322849 954331 322849
1 942089 465
3 673663 885741 673663 143766
2 210528 216
1 107389 14
2 115269 543
3 460266 893817 460266 588476
3 769165 83388 769165 216285
2 750755 425
2 492454 401
1 942630 918
1 247041 325
3 247041 734258 247041 172129
3 268727 637831 25006 637831
3 852007 310267 852007 542369
3 834503 24858 606945 24858
3 435511 788524 435511 828254
2 54462 42
2 573918 8
3 531647 692397 531647 837863
3 801203 737760 801203 300153
3 78144 773717 78144 696190
1 606969 277
1 51412 639
2 348632 31
3 202206 348632 204586 348632
3 947459 281087 947459 519243
2 684372 203
2 333769 657
1 527228 996
2 326890 398
3 76376 326890 24216 326890
3 141022 237460 715674 237460
2 260273 387
1 146812 349
3 755505 489868 755505 865122
1 322279 571
2 431629 19
1 415930 968
2 578508 448
1 755747 785
2 370816 936
2 521855 796
3 248808 870824 248808 419685
3 769766 793010 769766 524220
3 272257 871466 272257 660385
1 478855 539
2 908144 369
3 189611 703094 189611 216187
3 447953 365325 408946 365325
1 999849 284
3 324590 540773 324590 593197
2 15963 539
2 45291 672
1 548371 843
1 388933 377
2 531330 868
2 47110 373
2 3461 825
2 107100 178
2 576121 191
3 583918 576121 993958 576121
1 696651 918
3 97478 681768 724825 681768
2 709975 996
3 467600 60279 467600 506876
2 711136 756
2 296573 83
2 624744 569
1 514413 328
3 170096 49088 170096 88534
1 496342 521
3 269860 159815 269860 459531
3 603592 696624 603592 57532
2 819222 201
2 132470 998
3 832008 611583 832008 833107
1 434176 990
1 417285 518
3 291121 272515 619631 272515
3 844535 662135 110208 662135
1 517480 902
2 12493 997
1 660003 838
3 802793 512851 802793 112539
2 219657 442
3 228263 181662 766855 181662
3 903552 667905 903552 902978
2 570294 29
1 865441 383
1 106050 958
3 624622 154398 624622 458954
1 484355 71
3 484355 49434 484355 897698
2 197939 396
1 922928 376
3 681771 175320 321639 175320
2 630952 303
2 777615 339
3 682893 661356 824935 661356
1 704897 598
2 829847 937
3 24994 267947 585180 267947
2 429611 961
1 327326 215
1 749196 889
1 434803 491
3 657718 259533 770453 259533
1 305939 660
2 87343 665
1 395389 740
2 733707 49
2 444990 912
1 703113 760
1 297644 632
1 392523 68
1 48883 294
2 371678 48
1 208394 226
3 611333 871132 644532 871132
1 19154 954
3 663298 138867 663298 468236
3 425905 335500 607026 335500
1 370747 492
3 3306 31729 835900 31729
1 215254 515
2 299445 821
3 660038 499544 238092 499544
3 773969 815538 448935 815538
1 521443 787
3 402230 300478 402230 863605
1 785698 618
2 806791 867
2 206093 244
1 866008 277
1 463908 679
3 906789 486215 906789 395311
1 164317 12
2 115554 480
3 188940 7743 188940 252632
2 955449 145
3 521857 822136 880087 822136
2 430410 102
1 604315 862
1 819349 496
2 666123 61
2 548692 399
2 834432 239
2 205484 927
1 761909 552
1 527457 861
3 97068 206219 97068 130979
2 8241 669
1 321387 968
2 717532 395
2 929753 528
2 16047 498
3 310332 16047 851795 16047
1 167814 196
2 180785 882
3 355784 180785 644385 180785
1 557755 740
1 86919 370
1 454179 946
3 939057 713538 802508 713538
3 276094 195307 276094 544015
3 80089 329417 750599 329417
1 853218 900
1 868469 538
3 868469 62476 868469 468083
2 558381 235
1 785719 356
2 455080 186
2 512849 22
1 560464 428
2 882944 468
3 444846 882944 57544 882944
3 239583 284599 218545 284599
3 491140 720304 491140 769502
2 825402 462
3 898934 825402 189334 825402
2 231839 92
2 184239 467
2 717243 228
3 27461 712974 27461 277614
1 243989 700
3 243989 616765 243989 347542
3 741263 273359 102720 273359
3 796905 155315 478053 155315
2 889238 853
2 936929 128
1 937356 322
2 937984 154
3 716280 127110 716280 238451
3 767650 732982 767650 357779
1 605422 407
1 21106 0
2 902413 218
2 525991 765
2 590979 105
2 436454 838
2 563122 619
3 364055 529007 775018 529007
1 662206 42
1 821769 541
3 61119 116308 340299 116308
3 47878 487294 75989 487294
2 360463 148
1 656041 736
3 251904 253435 251904 468330
3 834307 483634 235769 483634
1 58079 251
2 545206 24
1 283920 30
3 499588 679205 261096 679205
3 394663 644899 394663 152888
3 780931 871174 780931 354204
2 452646 3
3 382252 53466 382252 175640
1 456126 310
2 785603 733
1 619050 943
2 643384 334
2 178780 286
2 938938 512
2 566522 142
2 479222 380
1 277717 810
2 300257 388
3 303813 607803 303813 538367
1 129578 513
2 300520 793
3 303307 300520 202092 300520
2 949723 686
3 868237 622300 764217 622300
3 984867 440559 131474 440559
1 560775 204
2 68740 366
2 791461 912
1 725197 97
2 314102 326
3 804630 874614 438075 874614
3 609403 637785 463733 637785
3 636078 608187 636078 347848
2 970821 163
1 819677 674
1 949662 568
2 629030 641
1 444819 743
3 389150 281920 389150 249789
3 332213 505933 551399 505933
1 146713 535
3 681426 242601 850905 242601
2 681732 717
3 789386 325302 375321 325302
2 840564 601
3 635382 123288 130705 123288
3 324211 633761 963786 633761
3 252397 200653 252397 771189
1 282942 271
3 992529 950493 494385 950493
3 496814 512466 365021 512466
3 257600 306112 257600 69559
2 362251 927
3 238429 362251 627820 362251
3 59929 166517 395246 166517
3 331764 948830 331764 245778
1 669438 998
1 182075 532
1 311054 228
2 641775 760
2 689386 296
2 608517 542
2 254629 981
1 177782 445
1 82879 323
2 815104 957
3 45712 563900 45712 181439
3 547034 96901 388577 96901
3 742955 386829 742955 390936
1 11947 439
3 663459 456265 663459 628634
2 7227 500
1 80248 649
2 144828 119
3 94694 663929 661378 663929
2 85953 973
3 456047 954748 975151 954748
1 295374 12
3 46544 829328 7521 829328
2 955431 206
2 969398 834
2 823702 699
3 243495 882171 243495 435493
1 486811 769
3 281524 940738 46428 940738
3 613077 225064 613077 2297
2 433679 56
2 93949 41
1 848959 471
3 967805 283701 967805 33025
1 531053 663
3 327088 724809 327088 187441
1 257204 963
1 107177 637
1 250232 578
3 352747 164943 352747 829533
1 862353 26
3 624482 813764 624482 373470
2 371511 921
2 471484 495
2 347407 644
1 945271 31
3 495424 865552 59613 865552
3 114628 773061 80072 773061
1 516331 615
3 565829 20318 565829 674461
1 908849 849
1 330477 995
2 442318 641
3 626662 25995 905551 25995
3 185261 828820 346216 828820
3 582723 64717 967643 64717
3 795810 772312 795810 493324
3 182565 234262 182565 549942
3 802742 473309 807962 473309
1 296430 736
3 912775 370915 912429 370915
2 905055 148
1 548887 943
2 38137 322
2 724632 77
1 527977 374
3 910942 172902 910942 868221
3 701284 672297 369966 672297
1 175887 455
1 471357 298
1 424101 530
2 789614 522
1 455348 68
3 844076 827043 641601 827043
3 697224 830251 697224 58429
2 80102 316
3 289128 409292 546560 409292
1 594291 133
3 804371 873118 267447 873118
1 61505 949
2 137685 896
3 574320 458853 843002 458853
3 942019 82221 942019 979970
2 765898 468
2 27428 995
2 311477 892
2 753274 498
3 459002 861315 459002 659489
2 966977 167
3 505995 625070 83551 625070
3 660612 45043 11758 45043
1 815566 459
3 747740 438101 747740 139665
1 579211 269
2 225478 114
1 64215 191
1 316216 294
3 784031 290593 45710 290593
2 15569 250
2 67924 726
3 106460 794827 270707 794827
3 477117 826358 477117 503534
1 38613 49
3 617244 26211 617244 344045
3 474952 940880 474952 233191
1 24678 904
2 466411 808
1 639886 189
2 596856 204
3 542641 665238 978126 665238
1 584477 183
1 32883 102
2 804183 948
3 701043 804183 508146 804183
2 981002 119
3 477247 994371 477247 554807
2 891395 432
1 616520 926
3 616520 508607 616520 768016
1 214570 854
1 798154 11
2 453644 773
1 100198 732
3 342517 803457 232156 803457
2 100031 359
1 149764 797
2 194582 843
1 922349 968
2 266594 205
2 540214 588
2 749300 150
1 932133 889
3 339830 866243 764337 866243
3 308401 621781 899553 621781
1 137782 268
1 146536 228
3 307072 625195 17617 625195
3 663255 279405 91366 279405
3 362694 927260 362694 397031
1 810514 461
3 832908 956675 832908 329045
1 984876 245
1 773567 848
2 822582 987
1 319931 809
2 906444 597
2 751712 278
1 496099 255
1 742084 692
1 943587 93
3 137411 755529 137411 414479
3 111003 650561 111003 789369
2 809141 323
3 636916 809141 221638 809141
3 584426 602357 726877 602357
2 666265 238
1 747305 967
3 234318 929159 234318 150407
3 528388 523329 551253 523329
3 515468 269056 525981 269056
2 856415 101
1 801254 278
2 497644 9
2 86700 172
3 438859 827216 768455 827216
1 291851 554
2 165886 28
3 122863 165886 549057 165886
1 38280 714
1 139512 696
1 738988 370
2 902780 811
1 697151 203
1 282059 493
2 744238 525
2 887819 654
3 834855 340689 651971 340689
2 976928 59
3 707735 976928 926539 976928
1 976848 954
2 102250 319
1 642978 537
3 966665 812165 966665 52382
2 777553 799
1 60456 547
1 611859 705
3 804825 676114 804825 956190
3 841487 745039 949687 745039
3 216144 438680 844755 438680
1 752277 984
3 752277 731282 752277 201740
1 971520 856
3 235778 121358 31212 121358
1 797877 971
1 683561 975
2 395795 371
3 452900 727383 452900 400777
1 428400 682
3 333901 274578 333901 90940
2 63723 603
1 665832 801
3 665832 358505 665832 408539
1 612284 963
2 717223 257
1 356491 629
1 667203 380
3 821607 682968 821607 295746
2 458503 793
1 481902 593
3 195954 797844 114723 797844
3 279059 424341 280380 424341
3 14974 275018 440510 275018
1 932360 922
1 387290 58
3 553309 580527 944554 580527
3 444631 669690 444631 508733
3 489449 858990 489449 888494
2 857823 277
1 54335 555
1 299069 562
1 614882 760
1 44797 812
1 797774 978
2 766308 922
3 343152 263680 343152 355968
1 19342 855
3 21294 302181 21294 570296
1 937090 714
3 937090 884219 937090 465992
3 414456 203884 414456 72407
3 7850 416352 583832 416352
2 880302 303
3 291617 880302 122262 880302
2 530355 530
2 244387 600
2 539834 128
3 287967 276450 287967 308084
1 722163 685
1 698271 90
1 223797 521
2 718046 614
1 607596 840
1 230881 743
1 425940 822
2 264764 545
1 534090 908
2 548549 540
2 875640 979
3 318106 875640 836991 875640
3 737614 867624 12736 867624
1 538050 362
3 693163 587484 890854 587484
1 143618 680
2 75244 177
3 401902 768426 649086 768426
1 802389 91
3 802389 600111 802389 624113
3 701732 551831 701732 606038
3 321179 538075 321179 862167
2 639232 442
1 792655 199
2 896981 81
3 547663 621307 547663 981373
2 904477 491
1 474250 511
3 474250 457533 474250 508535
2 280448 238
1 450595 543
2 560317 714
1 50709 930
1 860955 602
1 709809 635
3 969493 364642 969493 617303
1 967001 965
1 626868 588
3 626868 307974 626868 797779
2 961714 200
2 993230 44
2 424250 532
2 358168 974
2 709781 743
2 266754 230
2 534396 238
2 278063 947
1 949712 697
3 734626 778272 734626 735500
1 771802 565
3 771802 193215 771802 574002
3 542862 266710 542862 801573
1 497544 134
1 560177 432
3 560177 37166 560177 804241
1 691224 216
3 949897 304690 778799 304690
1 259627 686
2 447669 949
1 801211 124
1 469166 695
1 848691 201
3 110365 482567 639497 482567
3 50024 645435 998263 645435
2 943757 797
2 577114 85
2 841409 174
2 471459 150
3 731439 568233 317091 568233
2 968730 131
3 488461 64937 488461 815645
3 325076 624330 325076 514989
3 345757 388400 345757 214362
1 598403 308
2 57881 723
1 396549 213
3 396549 269406 396549 841393
3 964014 884000 964014 968487
2 697117 282
1 904966 297
1 859165 404
1 760059 410
3 14376 428649 14376 515859
1 63970 897
2 643039 166
2 31234 686
1 63046 123
3 392874 370244 392874 874653
2 926675 495
3 146152 553168 27393 553168
2 711404 171
3 114828 916760 660513 916760
1 995318 724
3 278403 36982 278403 564188
1 276046 788
3 528845 336886 320610 336886
2 873295 434
2 503026 181
1 289373 873
2 775089 218
1 297250 20
3 982250 836883 517959 836883
2 984859 306
2 518312 809
1 979989 645
1 281619 216
2 662423 415
1 645260 33
3 751619 313706 751619 932139
2 220627 758
3 589413 362892 348013 362892
1 99848 95
3 536143 915991 536143 432774
1 700312 234
1 680203 337
1 795517 129
3 415949 616047 415949 696224
1 82833 137
1 32133 316
2 470221 754
3 284069 512652 284069 881318
3 989910 984742 989910 354604
3 688661 750881 841092 750881
3 426426 887408 171667 887408
2 32327 898
1 756162 343
1 753312 538
2 830230 351
2 470089 60
1 562504 2
2 475351 228
3 586182 145875 586182 716261
3 238493 29842 984064 29842
1 454097 478
1 2108 226
2 720891 902
2 463122 21
1 566608 521
3 392145 568170 664463 568170
2 726836 961
3 132137 99910 132137 423569
2 459980 336
3 994289 505457 92107 505457
2 455684 779
2 911743 944
1 152738 831
2 781724 5
2 516752 479
3 763923 390421 322797 390421
2 635460 423
3 829513 794609 72613 794609
3 286679 142248 286679 647736
1 321622 963
3 847584 682384 435453 682384
2 208745 7
2 920669 676
1 993928 408
3 149324 504747 861086 504747
3 160290 432878 668413 432878
2 779630 241
2 982934 557
3 413493 982934 913995 982934
2 438186 890
3 423908 786688 213504 786688
3 348338 856555 698432 856555
1 852469 892
2 813128 227
3 594302 453207 594302 418712
1 180341 814
3 757575 295590 231725 295590
2 492182 900
1 669995 402
3 409394 251570 596772 251570
1 724491 545
1 632363 858
3 632363 851502 632363 471107
3 455080 696079 455080 18995
2 801319 409
2 729628 75
3 613467 728147 613467 276927
1 253848 508
3 540436 911608 540436 751229
2 221462 966
2 157914 368
3 274479 848373 274479 463474
3 371457 431789 371457 429122
2 991221 267
3 194861 408866 777748 408866
2 581165 560
2 16416 760
2 732658 230
1 551823 896
1 413177 986
3 353682 682448 353682 424002
2 377889 831
1 953265 667
1 495985 558
2 162304 523
1 966744 756
2 166086 908
2 302207 191
1 564635 908
2 591803 527
2 428238 222
1 206514 727
3 776258 348708 440235 348708
2 882878 169
2 515237 293
2 787834 111
1 2244 411
3 2244 592255 2244 906496
2 588313 493
3 187996 119047 187996 463740
3 173437 268685 166720 268685
1 133070 952
2 76865 800
1 450666 814
3 756381 723123 191020 723123
3 48783 426045 911518 426045
2 417875 182
3 690574 436875 690574 577008
1 552373 88
2 326842 312
1 903074 993
2 287286 585
2 330354 743
3 546590 442976 546590 168024
1 28683 286
2 248817 857
1 890871 278
2 233383 2
3 92857 850673 92857 244704
3 508281 696200 487133 696200
1 707842 535
3 607567 444679 607567 473242
3 395939 386783 395939 431356
2 685276 834
1 35696 364
1 747994 430
1 439053 764
1 567962 315
3 377377 152000 377377 344186
2 122691 870
3 404397 92330 404397 160722
3 845735 181837 611836 181837
3 129684 903382 634103 903382
1 817181 309
2 772295 699
1 615304 825
2 521293 313
2 715405 181
3 59365 545900 59365 963381
2 642940 273
1 932594 625
3 552123 813345 833789 813345
1 303376 31
3 890231 256776 890231 950388
3 934506 87778 82775 87778
1 280821 729
2 108669 489
1 697957 7
1 545360 57
2 302273 247
3 77527 412888 77527 758044
1 894790 357
3 133982 412218 255656 412218
2 127473 484
3 159797 724891 159797 672047
2 238076 536
2 665853 31
3 302371 321052 302371 8674
1 519866 393
1 134026 314
3 733110 364633 733110 133910
3 421891 153431 421891 536285
3 382625 582346 382625 379016
1 265453 654
1 94657 972
1 715241 243
1 607041 260
3 651518 95693 651518 726335
2 292384 471
1 253956 281
3 253956 540353 253956 406521
1 500182 570
3 500901 151697 887317 151697
2 797236 2
2 838726 279
2 544256 10
3 88250 202080 281719 202080
3 18575 30070 18575 965100
3 674656 812177 51386 812177
1 114217 890
2 693734 833
2 324649 557
3 671514 58819 671514 411247
2 116134 464
1 17481 743
3 17481 532716 17481 650837
1 312965 211
3 245618 50191 245618 192885
1 625077 633
1 61402 569
1 554422 282
2 378436 376
3 65111 378436 512166 378436
2 605344 522
1 395475 876
3 194114 170163 843673 170163
3 549798 646605 549798 939822
1 664179 454
1 801473 79
2 132277 220
1 64670 779
1 96036 855
3 282568 474381 282568 219150
3 985783 923312 113083 923312
1 675912 354
3 693743 544649 693743 285135
3 29494 774490 388880 774490
2 504957 608
2 606348 244
1 6884 142
1 368451 290
3 598859 52187 598859 740979
2 576712 888
3 213678 278770 213678 133391
2 539953 349
3 762038 201799 762038 586370
3 909462 79185 909462 988294
1 966986 779
3 313885 354462 313885 704274
2 323276 947
2 476310 894
1 194065 882
3 873492 706941 464169 706941
3 756959 191071 491173 191071
2 986949 316
1 61722 79
2 316652 129
1 997229 168
1 184378 864
2 948944 343
1 447361 696
3 755653 745297 755653 767712
3 327552 308235 327552 90274
1 560768 720
3 560768 792336 560768 10515
1 293654 479
1 809613 83
2 322258 145
3 524013 68284 524013 769464
2 503727 988
3 429128 801504 429128 27860
1 238842 239
1 796934 300
2 43219 568
1 390076 38
2 514751 531
2 786971 352
2 105907 916
3 94351 730036 986876 730036
1 623217 626
2 11189 436
2 801678 334
1 975705 535
1 128683 136
3 53170 333977 69105 333977
2 467131 961
3 398301 979230 250975 979230
1 760467 429
3 781468 179606 80329 179606
3 90420 909377 91299 909377
1 959602 356
3 890360 71698 890360 763874
3 126968 779873 785597 779873
3 684041 922816 83139 922816
2 281644 470
3 77501 59807 961422 59807
2 773059 217
1 36943 443
2 528231 62
3 713703 977836 713703 872462
2 860987 481
2 300878 630
3 157014 300878 931670 300878
3 467758 825248 467758 118869
3 480472 806992 480472 111208
1 284406 274
3 857393 588925 806800 588925
1 391765 112
3 150667 54429 150667 307266
2 279739 71
1 296212 604
1 604799 202
2 861647 598
1 163172 982
2 575480 242
1 86838 196
1 631534 841
2 584971 148
1 316678 145
1 474390 489
2 490355 946
3 793466 626112 793466 113139
2 88380 676
2 346073 867
2 663270 619
1 297583 401
1 23834 864
1 558173 902
3 558173 407277 558173 504681
1 929001 453
1 87406 849
3 32903 480626 32903 600324
1 301122 67
1 302199 776
1 349216 324
3 27431 568718 963236 568718
2 665362 892
1 144419 800
3 741715 103694 741715 242336
2 387872 225
1 693978 269
1 168541 429
1 137666 575
2 244732 434
1 234304 886
3 238422 522379 238422 121701
1 416840 188
1 875404 441
2 588213 248
2 763174 418
1 353573 47
2 543451 267
3 921851 102655 921851 196657
3 762979 732122 762979 160812
3 251733 491654 251733 722355
3 666264 554294 191139 554294
3 689943 423903 782777 423903
1 681932 86
1 182628 186
2 220486 174
3 517984 440800 376599 440800
3 600420 119578 600420 63046
1 84708 190
3 845022 654135 170129 654135
1 496266 883
1 509773 770
3 509773 911800 509773 841982
2 521811 292
3 373749 521811 384348 521811
1 592025 45
2 769473 317
1 599228 201
1 365971 784
1 964179 456
3 418580 687648 130048 687648
3 697988 912665 783631 912665
2 477559 677
3 723440 305508 723440 663117
3 665693 94692 665693 337634
2 49333 603
1 954629 257
1 448271 65
3 596760 407991 596760 77566
2 494134 261
2 621902 626
3 221897 306385 381169 306385
1 736759 905
3 617351 76890 565587 76890
3 427139 842001 427139 582039
3 411896 492323 742007 492323
2 532367 615
2 687905 978
3 453538 179613 585309 179613
1 387335 474
2 55643 21
1 230531 952
3 565423 111278 565423 198742
1 145589 731
1 976988 969
2 488190 843
1 907810 323
1 704172 434
2 238837 402
2 794405 205
1 440016 457
2 401515 367
1 979802 689
2 363886 934
2 944753 312
3 63423 944753 860024 944753
3 283720 228912 277492 228912
2 296143 733
1 505099 562
2 229072 572
2 899226 412
1 631365 4
3 259383 581163 259383 72376
3 830711 213007 830711 236587
2 206796 73
1 678453 757
3 527903 761451 337497 761451
3 937289 931288 937289 215411
1 333674 593
1 40062 867
2 986786 863
1 513073 27
3 356438 786270 356438 822877
1 696145 342
1 178348 814
1 656882 188
3 656882 388838 656882 574143
2 621291 96
1 15370 71
3 9773 710033 9773 228890
3 994487 58074 33360 58074
2 642799 683
3 985698 934148 985698 818398
2 196589 545
2 303856 500
1 300752 531
2 488449 635
3 177959 488449 489398 488449
3 779570 936301 903851 936301
1 703722 657
1 527402 415
2 559892 450
1 876171 771
2 970419 988
1 676917 894
1 665567 892
1 937055 366
2 341883 522
1 280425 3
3 280425 682237 280425 652393
2 387697 318
2 272628 160
3 165231 728646 165231 405647
1 203102 249
3 203102 770504 203102 595509
3 468417 80163 468417 852369
1 183102 430
3 854430 65956 854430 217265
3 779740 697861 746849 697861
1 429859 192
2 580013 8
3 397122 652817 397122 448005
2 634256 453
2 710524 866
3 174398 909241 283729 909241
2 717164 24
2 352191 449
1 258737 229
3 498613 654827 498613 258343
2 971747 33
3 180016 107250 176121 107250
3 689871 472145 455995 472145
1 592013 929
2 83240 108
2 948911 495
3 396871 674608 108195 674608
1 79717 153
1 361567 785
2 34989 42
1 864192 461
3 764357 848250 764357 475592
1 410899 639
2 4404 752
2 283015 963
3 838414 185576 838414 259544
1 457969 85
1 433863 644
3 463911 766340 463911 36270
2 648999 535
1 367506 274
1 762209 152
2 476045 875
2 234564 308
2 774912 162
2 334821 915
3 809448 3872 396664 3872
1 870122 894
1 472904 423
2 340139 428
1 679702 602
3 551061 597129 551061 190080
1 543236 521
1 323387 423
3 971788 332222 971788 41029
2 523324 467
1 581279 113
1 557133 241
2 754680 549
1 940945 592
2 881739 866
1 394320 410
1 828710 594
1 47590 968
1 859662 136
1 430845 605
1 609458 984
3 9516 877651 340244 877651
1 133364 227
3 658373 368361 383354 368361
1 182560 315
2 61393 7
1 21771 968
3 896730 314936 896730 496111
1 170191 833
2 440423 918
1 69584 466
3 534430 57827 534430 868832
3 12411 473503 12411 952859
2 429047 889
1 622516 657
3 619124 205298 64192 205298
1 228498 165
3 831603 184619 831603 253530
1 593767 439
3 554173 458714 179155 458714
2 437860 239
3 816729 902673 816729 577403
1 409192 314
1 869789 534
1 829621 779
1 998934 628
3 275784 202363 82692 202363
1 26205 685
3 599135 369311 599135 862335
2 897612 323
3 942419 515952 930508 515952
3 805517 158624 805517 55646
1 563476 466
3 504079 370380 504079 40258
3 985278 93523 985278 892675
3 889262 755007 201272 755007
2 438330 930
3 483846 416194 483846 594831
2 45372 884
1 675843 284
2 882304 542
3 395501 241831 402056 241831
2 419907 574
3 452440 103088 489556 103088
3 702561 631184 578879 631184
3 715535 529533 715535 420743
1 977314 940
3 28989 740427 573066 740427
3 654581 395863 484747 395863
1 224224 557
3 512848 918429 183936 918429
3 873156 802575 873156 3301
2 69319 674
1 659766 553
2 199428 176
1 210091 606
2 81030 618
3 221055 789686 996443 789686
2 783497 214
3 235543 596106 358134 596106
2 807510 767
1 76339 584
2 538160 927
1 589363 613
1 854203 923
3 194135 545586 194135 757964
3 518493 513778 732319 513778
2 957475 565
3 660587 130983 725325 130983
1 132328 155
1 37905 994
3 854925 325957 196710 325957
1 89816 988
1 972998 189
2 356105 591
3 896716 805759 434629 805759
3 212472 169366 212472 821017
2 460919 749
2 956980 790
1 147604 865
3 738629 858622 738629 841336
3 415055 457163 255529 457163
2 515542 249
3 629014 434053 477313 434053
1 684395 481
1 225429 140
2 118154 459
3 671888 76429 782191 76429
1 552882 810
1 161681 845
2 647661 104
3 876090 27018 628816 27018
1 487390 411
2 720289 43
2 224588 543
3 447331 824595 208550 824595
3 289444 384683 289444 441595
1 118952 882
3 297243 121970 85314 121970
2 104296 856
1 41945 938
2 178499 154
2 554300 305
3 467150 554300 626127 554300
2 456017 948
3 946572 456017 766670 456017
1 328477 238
3 510235 98994 900168 98994
2 42642 820
3 521874 42642 125025 42642
2 198552 406
1 577445 710
1 858883 236
3 460737 209813 634757 209813
1 947703 928
2 870237 454
3 69644 229541 542025 229541
2 980169 999
1 864488 254
1 171707 793
1 523875 968
1 823115 234
2 510346 462
1 237255 101
1 948062 41
1 242025 543
1 995672 988
3 379325 954829 379325 252550
2 467349 454
2 285929 106
1 9156 807
2 518390 786
