2000
1 925742 447
3 799181 321743 924844 176812
3 914582 586078 428584 862345
3 763327 379497 600913 541722
1 190261 608
3 133247 279813 43305 119026
3 176656 888809 593073 762356
1 975654 317
1 126663 27
1 417263 949
3 485106 814423 358781 473018
1 141551 927
1 971120 874
3 971120 378405 971120 328043
1 281396 596
3 464773 429187 417697 867274
1 424635 130
3 242086 568953 181290 423600
3 677765 527704 231888 611447
3 715330 863809 723937 165586
3 506861 233003 835333 373804
3 802660 157659 429047 711890
1 985030 58
3 553249 788016 866854 737446
1 294375 951
3 294375 733592 294375 384872
3 590831 132420 11590 247568
3 841359 514708 416024 284053
3 290862 773085 354838 262897
3 335565 178773 437035 339583
1 580247 988
3 580247 217216 580247 929477
3 438922 40167 582382 996153
1 148037 314
1 394885 833
3 474104 947472 277187 395974
3 753113 930652 705827 313568
1 286992 870
3 325761 393999 775732 672194
1 782946 984
1 842767 609
3 610335 707020 231646 535575
3 702794 469968 495854 436809
3 478024 129381 819687 653816
3 704988 347732 292335 576952
1 655820 752
3 543623 672485 371008 451323
3 202696 361624 829146 307267
1 802061 195
3 831560 624762 569564 727805
1 33409 936
3 59369 381171 640662 394322
3 888225 818560 366789 333269
3 794300 628340 93928 720072
3 296615 968127 99710 326976
1 972341 101
3 621966 466671 165850 96786
3 293004 602862 926152 477144
3 813888 758295 420744 436414
1 429186 130
1 726211 863
3 39854 157492 837291 97808
3 425221 183441 540043 584242
3 64338 761355 562705 672137
3 733124 496520 171022 369730
1 241833 290
1 11128 50
1 193205 171
1 491240 208
3 491240 178759 491240 123404
3 118286 149352 222418 397789
3 588627 240333 787974 583869
3 841982 335853 203611 107248
1 600370 539
1 786734 379
1 85170 991
3 85170 818524 85170 796376
1 378444 431
1 559565 540
1 993971 691
1 610262 725
1 248620 300
3 759188 640057 273081 514822
3 797288 946855 822967 37922
3 159934 249519 865296 373968
1 661090 316
3 765680 481529 225735 645308
3 579186 549433 905434 989869
1 180368 81
1 476597 947
1 446418 790
3 950218 553828 515651 416484
1 918954 134
3 956397 712322 14948 795843
1 799848 114
1 785037 859
1 792060 524
3 792060 507450 792060 220444
3 870201 24142 900666 175677
3 846974 719781 210805 797558
3 883149 143758 400758 817610
1 724149 93
3 142444 108734 737560 857682
3 102614 105853 740655 149164
1 533937 319
3 336367 604618 262712 728039
3 607184 531532 828133 503173
3 11386 478476 476165 196709
1 168162 939
1 966939 101
1 456162 564
1 849209 141
3 17881 383771 514268 45128
1 562144 762
1 72111 82
3 535367 141301 899235 69432
1 123795 774
1 597672 815
1 119718 624
3 119718 703756 119718 71336
3 541043 149340 173232 11308
3 458592 867125 737267 783103
1 271098 154
3 703211 587665 904349 986036
1 974567 126
3 808180 863255 722828 271309
1 951129 628
1 781848 893
1 21919 65
1 587382 857
3 781288 504338 306729 360891
3 862111 631438 431441 100143
3 56266 163494 208939 104733
1 517001 217
3 928603 763771 142691 148805
1 143273 187
1 844795 944
1 905285 970
1 351263 326
1 948788 638
1 883557 470
3 150515 815759 488670 12545
3 780787 34059 980726 6497
1 783340 25
3 783340 397387 783340 782276
1 226877 360
1 924974 898
1 106905 163
3 383362 91345 605986 338426
1 650443 948
1 493715 108
1 256733 781
3 256733 23274 256733 554981
1 987758 190
3 597317 420294 647037 477350
1 142515 518
3 700985 934990 735223 954683
1 29734 240
1 186550 530
3 396044 996093 864436 255196
1 570290 816
1 787792 778
3 629773 270394 797572 384946
1 609051 230
1 777086 215
3 283216 341328 79739 292652
1 610275 354
3 766517 1289 433061 368199
3 916892 380304 927370 532379
3 140177 497627 879055 902305
3 952457 151946 691693 258139
1 471466 448
3 298782 185549 529959 9925
1 890103 492
1 77300 427
3 81300 89439 531842 198597
1 929828 776
3 210263 843326 210922 183933
1 685772 991
3 685772 118421 685772 628965
3 285777 672104 141916 994166
3 301905 964181 859127 98873
3 299193 189814 612249 759654
3 87317 171420 118137 695292
3 820295 176918 593562 176828
1 764667 302
3 875647 775607 968914 30469
3 140203 686061 188768 729682
3 326399 376330 30321 341154
3 384750 695945 832697 615025
1 609861 865
3 545491 804600 846199 985454
1 195130 943
1 6788 22
3 684132 146894 264452 483262
1 973154 512
3 436845 601574 299793 710709
1 295680 816
3 266822 107645 508048 440928
1 539444 456
1 461727 183
3 461727 853138 461727 273403
1 128777 352
3 884548 272234 112793 145776
1 882417 34
1 901810 534
3 986883 241782 83568 637575
3 317897 787683 81150 152700
1 618142 519
1 498720 85
1 34164 417
1 854092 836
3 957244 567592 150099 541572
3 690969 60523 88524 573601
1 39721 686
1 746532 430
3 561561 488999 245395 131833
3 134103 176094 762852 70881
1 140688 643
1 495575 512
3 401435 422974 912027 826636
1 570530 959
3 570530 341557 570530 462327
3 574128 755530 377893 341206
3 292355 247918 877248 932730
1 919282 9
3 376227 899704 948963 514495
1 706632 472
3 481920 169581 752957 236483
3 614870 610560 16830 223098
3 310154 490479 812750 465161
1 441073 109
3 187830 199144 269796 884375
1 595341 215
1 653800 386
3 909639 679028 779929 638047
3 685951 550019 332646 856432
3 320072 838019 803637 997703
1 201242 988
3 64912 819266 123602 553517
1 518264 190
1 199982 335
1 478652 479
3 221614 351193 202018 218360
1 836667 865
3 695354 889800 843705 900837
3 213855 969245 575255 287194
3 834622 472383 903761 91893
3 556931 188328 718908 883590
3 600041 184864 206270 536230
3 976808 854346 351040 148875
3 873870 477727 518586 805632
3 326774 736337 497422 244225
3 666997 367333 631203 748514
3 274094 735912 955388 429172
3 725489 865686 455395 437434
3 131782 154534 53882 907708
1 226405 207
1 722895 737
1 749208 436
3 488072 298117 440289 351537
1 943821 377
3 158472 576149 946570 981622
1 605010 883
3 579424 490600 190578 712820
3 814289 794432 858370 373845
3 139876 286469 586490 483563
3 631482 516306 377228 763512
3 240869 124805 490833 386106
1 233300 336
3 799081 539800 196038 892617
1 845695 819
3 107762 740399 556670 20877
1 351903 877
1 347842 914
1 62238 856
3 28015 202464 897707 617977
1 983191 529
3 983191 755672 983191 122493
3 329410 551250 767548 56343
1 526529 296
1 640453 391
3 640453 426528 640453 158589
1 865235 286
3 115528 178172 13044 185455
3 874394 19646 162052 349311
1 683071 789
3 683071 769497 683071 372225
1 317314 692
3 317314 96825 317314 522023
1 711837 563
3 601914 152524 910113 715664
3 310080 787906 382818 404873
1 27983 251
3 825600 122288 333571 909604
1 280711 473
3 280711 807067 280711 310816
1 648177 498
1 249795 241
3 938928 807758 958124 398565
3 702878 164439 280065 201285
3 60941 796965 281596 752517
1 352435 912
1 190986 612
3 714214 851171 466619 835628
3 375792 799957 861332 148442
1 382743 952
1 255364 823
1 891552 920
3 606452 670842 714671 422711
1 682873 879
1 582313 539
1 544002 603
1 746456 145
3 746456 524612 746456 756244
3 101088 153535 239033 811774
3 593429 383632 155954 726417
3 597536 581063 452395 58882
1 166249 571
3 512717 285399 639234 787485
3 707053 853821 537867 535096
1 541717 505
3 683620 396324 501566 516233
3 56071 549967 559 84782
3 484205 784869 51030 55215
3 596156 774262 953101 590531
3 992103 997210 915760 530814
3 28326 893824 428384 918753
3 7954 29620 877857 915035
1 341669 192
1 234422 580
1 733177 345
1 980915 569
3 980915 244468 980915 940553
1 395393 852
3 791964 551478 408067 998974
1 319795 830
3 641534 845054 985321 205110
3 173249 119638 270093 21263
3 568723 820258 200528 564957
3 724534 203543 744672 964938
1 177871 870
1 623252 263
1 181238 919
3 275278 572712 402030 429713
1 915319 686
1 118760 394
1 690250 831
1 526083 18
3 411917 462855 71307 372052
3 529295 15004 253885 545349
3 100070 848281 838547 417883
3 25557 813730 885142 97419
1 652976 920
3 652976 667969 652976 333130
1 454404 459
1 355061 347
1 124151 134
1 532710 390
1 309144 242
1 679388 614
3 764016 775252 729805 301704
3 400 786581 246521 734046
3 134926 496600 948297 565699
3 162414 424813 909252 319029
1 726747 661
1 78251 217
3 142004 682722 914349 444222
3 790492 836204 786715 994242
1 383578 973
1 882368 512
3 577406 734083 302460 620251
1 290415 334
1 164300 692
3 19245 682722 564550 804620
1 599344 332
3 767178 496156 581443 221055
3 813578 938522 777433 209623
1 808293 765
3 724592 402476 352429 43689
1 952986 712
1 646154 175
1 939029 602
1 994970 22
1 314364 912
3 344517 710779 943912 450662
1 887809 971
1 310990 170
1 399252 700
1 121914 882
3 591702 34989 607591 368388
3 716496 820512 830215 143992
3 536688 569567 97601 491027
3 890827 907477 259628 103319
1 826060 574
3 166537 692653 588489 40341
1 505640 317
3 657348 176506 139130 863270
3 164352 249776 226930 248935
1 859647 858
3 858405 849531 696650 511552
1 195068 270
1 239916 11
1 119529 995
3 69536 452463 388451 953570
1 44960 651
3 994627 797396 983020 346348
1 691312 936
3 184019 506446 278590 141218
3 694382 212442 939246 357935
1 55627 412
1 180276 230
1 20545 221
1 720417 274
3 49854 78828 846351 84091
1 796972 50
3 796972 899734 796972 641429
3 648309 57917 364469 527061
1 547558 484
1 594459 701
1 814011 550
3 178114 824562 139391 332545
1 882969 577
1 636345 430
3 546106 97748 250044 321682
1 831804 892
1 333371 806
3 914556 888048 584591 556184
1 652420 387
1 15767 891
1 899550 709
3 865390 521112 313306 34095
3 738421 376646 348133 752416
1 911922 331
1 352332 26
3 950628 461232 517664 85204
1 965162 346
3 853612 39839 830292 547406
3 996113 780658 631420 423936
3 711479 645296 112252 476754
1 600331 674
1 832962 423
1 337548 480
1 129789 231
3 571519 791329 669223 949986
3 151968 761245 181957 81602
1 695673 518
3 409333 114336 675172 173260
3 137118 395883 203779 378289
3 249722 813121 77314 314773
3 777400 988192 881913 62693
3 344527 757305 328429 613210
3 331500 302159 233357 669877
3 421202 796123 507166 131283
1 15679 17
3 667322 981320 217326 346439
3 146971 757785 195364 955233
1 469849 943
3 972264 938076 837605 341240
3 788497 144603 94751 690281
1 995132 646
1 610717 473
3 610717 7055 610717 427653
3 802573 852595 548391 187180
3 139545 598758 392560 31274
3 916394 361143 439387 949003
3 593071 20665 685835 621925
3 693927 786174 616733 610203
1 492119 201
3 963238 481891 904122 260532
1 819054 360
3 963791 100388 945621 140621
3 761993 719701 43153 101193
1 834564 778
1 14249 839
1 821735 504
3 273315 237871 679974 970293
3 949642 158876 830424 352849
3 372048 506960 982990 28941
1 960341 262
1 690779 508
1 634014 73
1 411730 789
1 754133 774
1 795746 698
3 552907 632344 431684 316276
3 774261 844905 452910 955554
3 428489 185098 672417 545196
1 829904 950
3 45349 85002 918901 297247
3 939685 179290 17733 375279
1 310089 411
1 188538 173
3 285598 829338 503394 529863
1 42476 885
1 89017 6
3 89017 515652 89017 623925
3 52741 3839 471595 591350
3 401589 255748 125057 194694
3 760842 110497 107991 977281
1 65001 373
3 808123 185402 596018 500131
1 246702 167
1 230535 701
1 900968 776
1 742748 846
3 878926 312039 573306 680735
3 547854 544922 193425 213735
1 131766 719
3 131766 88152 131766 301950
3 298353 825897 38115 971865
3 751217 629804 918821 951683
3 144190 930337 791127 891901
1 5140 46
1 230197 798
1 442281 319
1 472891 555
3 113427 429601 959254 253031
3 712150 686289 223560 633429
1 178071 341
3 935791 216914 221706 700198
1 495048 50
1 479763 883
3 923080 624826 280023 456275
3 431181 932584 245181 583217
3 989213 678290 921758 969620
1 42519 506
3 42519 747414 42519 478426
1 760109 690
3 136244 163768 447389 455813
1 935682 683
1 345024 461
3 345024 737553 345024 929064
3 689757 368466 782033 353878
1 369484 885
1 201358 745
1 940057 504
3 262731 707271 859865 192558
3 342114 53538 845484 399734
1 914926 245
1 682027 578
1 599635 124
3 660527 401746 332216 142066
3 802187 931630 449526 318974
3 474147 127566 671083 532606
1 308257 955
3 381943 229383 332817 167634
1 391311 598
3 176658 45686 247844 592428
3 771412 154913 717440 766218
1 506534 865
1 136095 571
1 222704 801
1 95971 796
3 219414 690133 365003 14666
1 987409 451
1 469151 938
1 563083 265
3 563083 559667 563083 27489
1 927213 55
3 923499 25369 759997 576679
1 752705 148
1 754454 778
3 137248 620957 745582 515559
1 750029 662
3 765091 16157 473558 148224
1 774880 117
1 169957 4
1 436870 508
3 879195 236381 132702 406012
1 940319 139
1 139113 628
1 392537 613
1 785603 358
3 727755 420847 807961 598210
1 834749 912
3 240034 368183 441258 736547
3 691199 1231 363909 378464
3 328909 939367 939052 709226
1 110561 310
1 476734 543
3 655562 546991 66234 301349
3 757894 484348 79760 388298
3 761383 259416 471796 175522
3 468957 12596 164866 567764
1 497271 674
1 377845 698
3 554891 532333 307123 18660
3 950806 953916 549124 544835
1 599452 974
3 285553 623464 194753 814438
3 970428 758313 231316 733832
3 135491 737921 238883 587751
3 980634 138268 621260 85398
3 557659 644994 208609 163528
1 660156 839
3 660156 808667 660156 254190
3 491090 765063 456830 232386
1 191230 244
3 191230 813367 191230 172035
1 301950 280
3 642130 496038 446365 443464
1 867694 449
3 671959 582918 983800 158188
3 448360 661706 784913 44850
1 554413 176
3 615371 393730 66680 382150
3 621033 663896 287013 195763
1 462379 110
1 441091 595
3 30539 49288 73856 197724
3 94678 484955 424854 402167
1 840901 289
3 840901 71482 840901 368337
3 822440 308177 215662 741621
3 601656 828119 47317 197962
1 444628 572
1 844778 487
1 959612 666
3 824424 463413 831465 177978
1 493820 587
3 245149 131138 626960 363782
3 29593 837022 708247 584815
3 237517 368286 857370 580135
3 371480 686723 818809 625400
3 486656 53219 935930 616050
3 997108 360175 186553 819645
3 82504 376204 280134 551019
3 606142 619111 790311 623677
3 57709 135389 482885 379984
3 947742 818638 226112 610683
3 933060 878359 799839 350590
1 221305 56
3 767224 419169 305444 339443
1 82632 528
3 72651 842976 951631 826777
3 850938 175802 421350 334618
3 94829 49239 748041 617069
1 636838 802
3 163483 877870 201834 939314
3 264528 276232 358728 690102
3 692519 446894 706542 300075
1 267075 624
3 336406 710045 555930 197452
3 795515 28479 869390 790874
3 584374 865128 168028 41126
3 164866 578588 763455 260730
3 741103 697287 231388 419182
3 559866 241455 194212 272158
1 948656 309
1 541812 755
1 826394 282
1 538602 434
3 279122 636132 351153 961040
3 767744 436794 285728 345229
1 344790 469
1 831310 555
1 745166 998
1 496334 2
3 434752 813901 186472 726913
1 207058 537
1 170795 321
1 259823 280
1 487476 534
3 487476 894382 487476 179667
3 861750 284697 528626 638776
1 80847 451
3 46202 925903 74693 488808
1 722653 880
3 204935 977140 474127 35420
3 865089 233332 506660 681577
3 108532 892445 147281 348615
1 428365 362
3 581192 974295 314916 463590
1 892710 886
3 294292 798765 842108 360470
3 258160 800437 520117 437356
3 932075 360714 446442 860246
3 522938 410755 676251 256774
1 727076 45
1 31024 2
3 250887 125639 428391 325336
1 942032 329
3 350188 761389 772722 456906
1 793889 386
1 358302 529
3 358302 815279 358302 352562
3 305881 233777 217299 463360
1 886382 768
3 313342 977100 226626 544581
3 133671 639823 736817 84292
3 206153 11575 690538 994115
1 101709 144
3 576414 401097 760493 212068
1 17345 102
1 270731 299
1 776699 40
3 327920 116338 164694 973742
3 71908 781812 806816 888308
3 330758 361129 666859 276321
1 650565 349
3 112174 698672 436497 402112
1 869627 487
3 734569 346522 997313 844483
3 627593 488001 427704 35500
1 218854 70
1 391919 312
3 391919 429550 391919 346055
1 535751 194
3 419407 672346 926575 853405
3 237554 47595 647150 760959
3 469271 792607 369852 807190
1 113427 348
1 518598 84
1 211609 67
3 897259 41878 420360 459741
3 577518 726632 773420 440916
3 573496 843160 393316 176788
3 528704 628780 358072 661317
3 425645 491336 637424 753373
1 850137 574
1 21865 97
3 21865 666365 21865 143937
1 29579 531
3 29579 30543 29579 572058
1 50637 389
3 999086 310621 480681 34108
1 492815 863
1 26996 555
3 822043 804727 529076 555048
1 758228 321
3 204978 855772 376135 195674
3 740521 914901 510426 674817
3 570263 978513 698601 668438
1 269466 593
1 292725 676
3 513962 712861 142793 909935
1 845491 379
3 955978 234016 48110 503223
3 133896 252475 174539 33595
3 253216 758142 555214 958989
1 615794 791
3 863570 93096 181634 276502
3 842358 707675 586657 402659
1 967914 383
1 429322 27
3 373803 773981 392106 957407
3 253980 575218 428537 967504
3 392912 730335 585395 181836
3 600335 376853 63867 324107
3 13732 688268 495769 466716
3 296886 549340 706876 875917
3 473048 347402 143294 125587
3 53163 448849 118418 120904
3 211270 44521 508048 65201
1 504518 284
1 404134 745
1 81741 927
3 957669 502550 474382 657459
3 137810 23568 298238 689158
3 583764 891443 346431 590205
1 457442 519
1 33262 283
3 33262 978597 33262 488807
3 352109 386719 793283 586543
1 103846 584
3 656458 374405 893102 610884
1 986866 280
3 421946 113871 674776 544672
1 697702 251
3 730002 799637 964563 230584
3 898737 766669 224406 282248
1 865250 562
3 252010 361636 381668 276923
3 859091 64559 912812 576176
1 31024 533
3 975189 820114 230298 396428
1 513732 319
3 864655 938882 996339 1679
1 528005 287
1 648591 624
3 918984 110870 214114 903079
1 358383 427
3 358383 362630 358383 160719
3 424540 46080 715268 236127
1 308300 413
1 937595 436
1 841585 789
1 562122 837
3 693895 238961 426400 215974
3 289447 917521 419850 777026
1 744910 277
3 980858 176307 242528 629063
1 562437 794
1 809940 975
1 73925 811
1 224426 154
1 622582 51
3 43369 747620 896658 228499
3 590600 997285 121738 92391
3 15893 872069 502415 786305
3 529584 279380 642330 631674
3 570246 84451 453673 473174
1 924538 787
3 936667 643245 741873 300110
3 374500 557269 948882 596234
3 725669 457524 458344 137415
3 343677 290320 840188 942290
1 487782 290
1 36768 546
1 181070 616
3 934878 293725 815469 24161
3 902660 480933 558406 886977
3 892922 505411 521822 640356
3 762439 545685 570444 367781
3 930538 29033 373613 959335
1 626496 155
3 133431 656759 425323 117142
1 378620 939
3 114087 858144 634439 929935
1 465189 272
1 421576 882
3 627762 476194 990487 654733
1 324266 206
1 416443 783
1 94461 315
3 356220 101165 729059 874442
3 936243 684245 428529 440648
1 900071 250
3 900071 918960 900071 190285
3 488711 96525 78033 664077
3 385209 309642 285359 690434
3 791026 759331 747645 834664
1 689088 544
3 671705 926742 317296 205021
1 259030 238
3 263611 937943 556622 118848
3 526323 685173 672958 95386
3 877562 295449 962412 322864
1 427420 405
3 700212 415672 333076 787014
1 138276 2
3 740013 422624 976707 82138
1 115489 797
1 139983 717
3 320930 713358 243712 473750
1 919714 61
1 57489 924
3 966871 381331 350391 196226
3 733831 895233 619689 299172
1 259107 920
1 300446 517
1 268162 595
3 481547 21731 999637 143747
3 455270 658993 355908 36090
3 198837 214762 548679 673159
1 294828 587
1 829966 597
3 829966 48387 829966 424769
3 402415 494040 829221 523457
1 706889 150
1 105800 666
1 965507 488
1 414365 55
1 155275 189
1 15548 622
3 465312 953093 298428 893863
1 943004 707
1 422295 785
3 458901 916724 896630 891668
3 827556 342402 775341 654596
3 649617 876091 836206 195845
1 276843 108
3 338173 948417 910179 475582
3 886038 19538 559587 568097
1 882937 816
3 66970 963151 887933 175235
1 839847 684
3 283035 814463 971833 787782
3 606295 779930 364996 783533
1 411718 888
1 687480 509
1 433929 497
3 721663 442492 710144 149253
1 506162 769
1 174925 190
1 266236 737
1 548335 849
1 796551 156
3 94024 450334 750010 284976
3 314770 188587 833922 906601
3 581759 179849 25239 4330
1 16811 809
1 97489 335
3 950671 176790 425840 66660
3 605006 96777 497382 927709
3 659524 857562 262764 451196
1 770519 134
3 149156 298647 243137 784408
1 409687 379
3 715636 724356 352470 837029
3 256919 576807 619518 655134
1 389035 884
3 402321 166631 606496 894758
3 86536 871722 87803 385209
1 495943 763
3 927178 922958 898518 192436
1 942124 323
1 606055 871
3 849441 244739 662780 254651
1 42270 111
3 901276 188893 481747 919566
1 157616 103
1 538453 48
3 785096 153775 131422 706506
1 806389 728
1 221873 848
3 568224 227112 439250 588697
1 23382 37
3 23382 508971 23382 90422
1 987710 185
1 82809 866
3 135499 269329 84772 667296
1 101730 209
1 363254 934
1 123504 736
1 184289 574
3 184289 112551 184289 898865
1 727458 866
1 611663 738
1 446978 200
3 344914 220736 150545 224881
1 994729 362
1 585412 153
1 460206 174
1 495868 661
1 534461 573
3 334385 639395 543579 595848
1 653112 842
3 144554 832047 376441 574497
3 828789 530456 609002 836659
1 530557 892
1 951441 520
1 161510 217
1 992873 598
3 992873 908633 992873 53040
1 614986 784
1 178057 170
1 789286 274
3 789286 606474 789286 603086
3 969089 211368 645986 710178
1 407015 994
1 235821 593
3 235821 636338 235821 994311
1 539122 949
3 311386 732638 34040 614472
3 742855 562262 320938 726013
1 800026 4
3 941607 642541 605650 9486
1 534544 503
3 382112 836132 707838 512195
3 137035 607930 367804 954230
1 702486 264
3 453574 52981 859236 859262
1 141514 134
1 2356 773
3 2356 625589 2356 370048
3 546237 439227 724471 473418
1 344084 671
1 273129 461
1 443762 495
3 311026 189248 468268 737498
1 754776 523
1 542128 355
1 853868 518
3 486423 762319 272723 345626
1 83082 395
1 518936 41
1 601073 694
3 499911 185970 763170 885010
1 15314 96
3 963755 326283 285418 838054
3 139174 611276 556413 700718
1 731836 613
3 731836 606322 731836 344953
1 774108 861
3 807399 979627 345110 751102
1 740087 60
1 498403 177
3 564869 397649 472425 46097
1 18187 336
3 18187 856515 18187 971497
1 900038 512
1 63278 218
1 865650 212
3 552809 259495 167377 182183
3 850169 480396 848880 281363
1 235446 271
1 752133 339
3 962005 444844 479019 69417
1 698470 189
3 698470 168154 698470 665231
3 182623 873008 242174 147097
3 177704 137152 537043 430749
1 168430 665
3 168430 392305 168430 723198
3 296393 961600 59783 373159
1 227810 973
1 497485 861
3 33439 451579 785879 452318
1 288497 661
1 474038 146
3 226575 769493 404023 909649
1 553331 252
1 602755 61
3 990510 421722 480864 612018
3 485723 693790 905188 399126
1 638665 450
1 827757 851
3 827757 338036 827757 584259
3 817882 947325 271841 822452
1 989894 702
1 33185 848
1 952736 755
3 214971 376981 407322 60077
3 879005 949706 559744 260862
3 256015 297009 558347 207056
3 876309 123360 261116 883864
1 587263 771
1 544268 216
3 926006 813652 500344 366625
3 508239 771717 31074 523992
3 361696 804472 178457 335890
3 883810 590248 996735 158580
3 277451 766911 698025 592360
1 557401 627
3 37580 696545 293425 967276
1 846306 470
1 667948 229
1 618314 274
1 361481 628
3 63973 304503 575471 427958
1 72782 141
3 552179 663534 921742 127479
1 593173 293
3 20626 450707 472876 236569
3 571026 40888 330372 246006
1 514786 872
3 32257 932343 843905 347165
1 44199 760
3 44199 199598 44199 909567
3 152875 264556 509854 623891
1 111208 684
3 987153 193936 477364 242985
1 74300 696
1 174934 44
3 60449 518996 661699 742544
1 668093 865
3 668093 847409 668093 553613
3 937372 405901 77635 303354
1 234456 242
3 926040 33469 512946 200830
1 116111 269
1 908107 190
1 609025 61
3 343914 210464 888135 488378
3 824525 430897 461106 687412
1 591856 952
3 601481 632871 670880 144835
3 420843 166457 673806 795235
1 703626 46
1 322139 312
3 770131 877135 892033 48124
3 5242 983808 896315 939760
3 694734 241903 374367 763606
1 908301 239
3 299564 971194 45934 302212
3 657399 687237 79826 523503
1 147182 988
1 656011 481
1 671027 517
3 497997 911304 261101 684706
3 323274 504620 830721 38991
1 368780 551
1 655712 650
1 565170 556
1 207300 582
3 134944 814857 260556 669031
3 323214 464769 12861 931940
3 181163 928668 534381 334420
3 78893 606583 502285 533925
1 791024 381
1 519596 420
3 552345 668904 794863 219054
1 346990 882
3 150962 244651 657860 842668
3 583846 828273 750001 156561
3 552230 887123 941908 836703
1 279898 142
1 93079 485
3 93079 589996 93079 472407
1 779700 598
3 22080 602715 443815 933939
3 411640 253556 403169 61261
1 139631 265
3 873299 511610 745502 422380
3 818729 278972 281430 24466
1 362028 33
3 614267 606571 659165 273150
3 911040 872577 559285 965386
1 292888 764
1 218186 750
3 419779 322105 985934 686844
1 616562 556
3 616562 162988 616562 812088
1 340162 299
3 966967 244417 558528 56656
1 166997 31
3 166997 319542 166997 478672
3 939366 862445 159403 977303
1 594091 577
1 604772 463
1 941483 483
3 865315 649664 805937 70525
1 36904 955
3 697774 226016 998971 926048
1 444523 734
3 849644 457662 747888 252340
3 310242 570752 772344 635011
3 257615 462241 866635 686225
3 639104 620580 333890 447296
1 998673 160
3 401160 449063 188527 897961
3 258256 585184 523742 353026
3 745471 785642 732335 156379
3 580081 799753 940593 203846
3 333994 507170 618699 664017
1 724761 851
1 534384 740
3 257673 626786 901643 153948
1 303858 305
3 65286 295606 638754 166439
1 937883 481
1 326105 17
3 814918 230577 574530 168439
3 159654 389170 153216 431808
1 230540 152
1 242037 460
3 840916 138335 891581 728594
3 665688 469699 47950 383178
1 233227 516
1 186417 823
1 934975 893
3 367199 933200 857132 130384
1 469919 229
3 361515 218957 547374 212469
1 775294 640
3 390046 858804 184367 220327
1 770413 613
1 283485 934
1 471781 332
3 394079 374071 354338 474511
1 190489 754
3 303237 660053 241938 751561
1 242053 813
1 301662 793
1 208192 452
1 761309 263
3 640025 62132 671473 105768
3 985269 847938 2565 151365
3 64661 550351 453826 929752
3 424856 140490 381025 194001
1 793701 751
3 609703 225511 886024 608871
3 298281 83347 642945 440725
1 833888 204
3 481669 918145 665124 365899
3 401902 758684 945829 627665
3 281185 968770 19906 322770
1 879828 208
3 131379 290413 898509 743890
3 404610 969197 985738 911628
3 972534 822593 866161 347290
3 472049 617090 346621 615576
3 656026 692022 319915 846329
1 440013 481
1 382916 588
1 355066 284
3 355066 772149 355066 331212
1 122349 891
1 561973 443
1 884205 90
3 755324 798189 993910 154923
1 697892 456
3 313395 467207 498084 833962
1 447044 422
1 853858 38
1 187816 941
3 617833 748448 42328 879783
3 743913 88646 719162 630499
3 504713 407817 233542 74277
3 743172 959697 321268 247551
1 109515 979
3 390171 935030 615474 143509
1 290273 665
1 796316 183
1 430138 240
1 113682 752
1 768369 503
3 922597 291499 399469 97604
3 915215 551275 933627 58551
1 204199 898
3 187969 932981 262367 989992
3 565807 791874 425524 23879
3 508675 604175 764872 113916
1 949207 630
1 837529 726
3 653770 280700 976510 954982
3 538420 24209 897766 153417
1 736819 695
3 134015 544468 65376 597089
1 554516 499
3 554516 336979 554516 532978
3 312565 289151 315952 484546
3 667275 787104 383112 93563
1 376803 811
3 11068 586207 943854 697001
1 896115 303
1 163151 35
3 846316 364500 781792 329976
3 178750 446165 626368 841381
1 428975 330
3 249785 973533 722192 621361
1 959608 146
1 542522 498
3 473734 593573 100435 978852
1 192951 349
3 909640 335976 192728 510650
1 891274 331
3 891274 511929 891274 677531
3 4099 216188 102928 414274
3 229644 862412 255868 379332
3 886825 701995 171198 751177
3 390126 293770 102628 773609
1 574315 526
1 103320 718
1 223044 286
3 954456 601905 826965 763366
1 569053 438
1 340601 860
1 798190 800
1 479436 211
3 479436 953669 479436 125412
1 703014 385
1 256682 931
3 716638 981109 997779 580507
1 40401 90
3 774623 932796 836467 911483
1 320331 991
3 193892 937562 348122 308080
3 838547 572539 82416 966916
3 171096 225804 5024 890833
1 861837 345
3 31830 379069 244523 682943
1 928324 522
1 451669 173
3 604907 756909 389642 608600
1 574993 708
1 235119 303
1 762394 638
3 229675 538913 329696 488111
1 787708 792
3 329997 358751 504926 65491
3 368669 845097 3584 364603
1 551229 279
3 450838 64399 104629 769109
1 68282 769
3 645837 997482 677617 546367
1 872076 198
3 594344 144026 367136 593557
3 65932 673767 832578 489927
3 161666 747966 867367 741554
1 841107 901
1 837346 516
3 962529 514775 732330 987664
1 981751 913
3 26203 926611 755253 738711
3 105119 298353 345291 26973
1 422823 15
3 422823 663798 422823 184546
1 709916 439
1 814357 135
1 617736 655
1 234236 812
3 234236 898578 234236 695108
3 644497 756912 176489 68016
3 466098 756945 148317 343231
3 957694 612427 181937 631771
3 274751 414852 433964 214990
3 57775 414284 314215 927729
1 666262 994
3 596331 452312 659825 822802
3 613853 990689 861884 113157
1 29176 342
1 372614 992
3 670071 191862 581519 701924
1 762931 0
3 468408 487984 766622 932828
3 630778 776797 130000 425202
1 468441 881
1 32422 176
1 110589 173
3 917105 122919 947653 156335
3 995201 351222 372902 125439
3 388871 824931 103892 511570
1 135672 747
3 284683 418882 122025 7816
1 306536 407
1 381201 423
3 285842 756947 141744 173213
3 404362 639166 290086 475728
1 249257 309
1 109279 974
3 224927 493295 959811 416316
3 315316 80035 208883 794925
3 799749 445305 680013 114685
3 832141 730551 263952 683610
1 592838 709
3 312723 498135 768539 539477
3 444262 338469 969436 765937
1 154816 256
1 12702 985
3 339251 225022 566204 197287
1 64645 88
1 478887 229
3 828707 356374 121184 982538
3 321690 42906 80484 705298
3 125921 575977 168845 11050
3 627294 365018 918184 921509
3 224235 540903 505655 52002
3 184957 818440 784010 915838
1 18057 239
1 340743 928
3 718952 337745 1184 790194
3 615385 355601 723397 334558
1 628477 202
1 412260 725
3 412260 823844 412260 375975
1 858056 990
3 428390 47106 546372 389552
3 307844 932639 669129 404110
3 209768 388187 572126 168124
1 220036 950
3 220036 817819 220036 476709
1 171017 484
3 362871 24881 383419 224015
1 366248 82
3 182243 251533 782662 695215
3 406178 58246 589131 917588
1 377815 677
3 795649 23149 274136 887814
1 409802 298
3 929073 408566 175296 392130
1 349836 124
3 746181 348572 429518 505053
3 576195 468758 833727 965834
1 900343 91
3 900343 507739 900343 293381
3 74694 332620 887163 81629
3 935706 283377 709944 67331
1 728054 927
1 786091 797
1 100035 399
1 550196 418
3 550196 254208 550196 729659
3 416905 880489 708553 728862
3 855310 798204 349285 55037
3 232899 152065 315526 521537
3 774869 1037 583905 257612
1 8308 193
1 893379 207
1 281341 569
3 281341 237358 281341 77241
3 22508 404836 391282 816122
3 614618 109353 821226 880602
3 107159 226324 111798 546156
1 828975 858
3 987956 895848 847662 153945
3 819641 112810 997129 856572
1 913318 535
1 584472 744
3 584472 222170 584472 687580
1 204085 226
3 301414 836511 585352 702575
1 563623 643
1 83399 343
3 497343 560513 399343 870065
3 940974 759027 840095 974489
1 176589 470
1 216240 177
3 216240 989943 216240 971040
3 752282 986644 30713 37529
1 957088 54
3 670729 44250 932776 688123
3 574681 327248 173999 181087
3 847434 481737 842152 252097
1 515873 48
1 554400 711
1 63539 945
1 108295 140
3 148501 122047 763053 125182
1 208308 504
3 928746 274162 221396 992540
1 111216 595
1 99899 501
1 189740 61
1 216112 804
1 900946 101
1 710123 117
3 121711 304390 408253 955695
1 652147 776
1 901071 992
3 347641 955475 25626 715518
1 978452 295
3 591943 938328 835440 60243
1 989839 274
3 129340 160263 418539 908551
3 633036 919245 747091 405633
1 364041 608
3 601421 193849 497299 638963
1 554743 449
1 434934 664
1 637541 119
3 637541 788132 637541 379295
1 451034 316
1 471742 289
3 614002 899617 966524 399415
1 331321 264
3 331321 216146 331321 938409
1 806489 279
1 445104 233
3 445104 131591 445104 171531
1 877894 966
3 877894 346709 877894 657996
3 739747 881667 402221 208358
1 658099 841
3 850441 147064 700326 410692
3 958463 410582 399546 439799
3 338857 405061 387538 257176
3 740379 744962 206004 965165
1 24488 911
3 359147 745867 224940 695153
3 912465 619462 933753 626688
3 514322 115198 272065 571734
1 571103 387
3 33564 526560 736423 400623
1 848261 887
3 198008 516492 678430 457297
1 68838 504
3 96348 163573 886842 475752
1 314463 635
1 87071 668
3 15791 375791 490238 779014
3 57484 485241 637996 412054
3 496561 695142 199329 848735
1 861683 341
3 328481 765667 230057 266624
3 165866 238052 34277 217594
1 54038 218
3 983338 363678 180548 304670
1 974107 93
1 533459 906
3 280241 450118 98464 326899
3 901182 56760 196906 963857
3 248455 850734 726606 943330
3 313112 500317 858711 914753
3 758372 938128 382028 862605
1 96211 57
3 507224 489711 975987 381007
3 887170 219797 110923 717458
3 231717 94247 927016 153696
1 769131 103
1 968227 214
1 418497 172
3 396339 236739 369139 350634
3 633282 506243 66228 728122
1 875285 544
1 989464 731
1 383220 754
1 2973 125
3 2973 151313 2973 910703
3 460225 565927 894396 842289
3 770415 561905 898164 357190
3 624535 24848 845759 692776
1 484998 306
1 340263 705
3 340263 46644 340263 629405
1 141440 736
1 533066 61
1 130426 688
3 577296 938909 812405 839561
1 484813 567
3 724742 719413 9861 814447
1 492138 933
1 598476 855
1 829638 276
3 336869 633278 391605 743654
1 371130 812
3 673126 864408 234712 491045
3 244268 471021 375629 945783
1 463256 963
3 865198 170288 993966 922292
3 961937 674950 98304 551982
3 390844 173970 892179 362662
3 872501 750065 497867 837647
1 956570 625
3 326049 402942 639723 401220
3 90597 368365 963517 381382
3 88811 3463 984182 89879
1 136069 116
1 488887 682
3 842115 95631 657259 644719
3 741601 908770 749144 520011
3 74026 791594 267669 605595
1 992414 777
1 222182 612
1 334965 291
3 772073 507497 203278 761991
3 832274 783381 836407 246832
1 143790 278
1 264668 165
1 841447 339
3 456830 463078 142017 738809
1 981781 554
1 204399 10
3 204399 451626 204399 382010
3 302437 426964 346538 222666
3 570688 681859 563026 937401
3 908009 696911 753159 783628
3 855189 300435 47264 25018
1 443146 384
3 650957 819153 650615 690682
3 748778 102443 928695 76533
3 323386 941486 729591 182817
3 931385 649297 341274 332811
1 525402 909
3 162667 156542 470565 515530
3 402886 171506 76686 309233
3 51309 771124 837591 581401
3 58005 250984 470550 149869
3 180725 676848 919368 780521
3 651013 485605 337267 405136
3 7455 679902 121534 488927
3 272837 332663 363842 474222
1 968145 705
1 894487 767
1 82102 896
3 748795 704757 766245 56654
1 8226 558
1 993872 119
3 459039 541329 406804 394537
1 238449 177
3 515165 570250 342279 457339
3 813165 833938 236724 437547
1 815848 582
3 745467 232323 633917 886719
1 398970 826
3 981140 259472 897479 712716
1 771090 922
3 926088 616099 524886 821776
3 415095 901649 196268 848110
1 107310 918
1 341509 386
3 512088 239759 12383 370914
3 388210 138998 485650 310041
1 504880 741
1 989589 659
3 410789 692102 52727 643807
1 20039 160
3 937976 204926 163843 226526
1 524904 544
3 469929 704972 559550 83712
3 2521 403837 433314 181930
3 666734 60601 17481 205293
3 601493 752310 872951 865898
3 122939 104717 789500 76734
1 410809 876
3 147393 888372 147209 532544
3 548555 319262 336953 158732
3 812809 396897 620203 441174
1 346359 785
3 589672 928857 638124 625660
3 550988 641579 187593 70763
3 970969 309449 529952 964741
3 574923 399637 891965 150415
1 506187 717
1 831097 656
3 569971 123926 323181 515952
1 970648 109
3 970648 57556 970648 936262
3 222490 204900 211128 245242
3 170893 776089 919072 989559
3 731805 450060 254288 60146
3 191738 810211 91651 604718
1 643105 291
1 564581 547
1 640628 41
3 58847 83834 42517 21502
3 437241 810669 29924 958623
3 797124 416599 596868 525432
3 823012 513593 283506 215152
3 644916 53383 798048 732835
1 196212 637
1 114234 176
1 12955 777
3 176642 457859 763654 518048
3 913233 925289 818451 85949
3 484985 665993 814357 363356
3 533390 474651 504196 57241
1 257421 782
3 102009 678057 76783 888506
3 983720 944501 651330 726914
1 49410 605
1 791561 346
3 947595 111858 147003 546353
1 341271 850
3 246166 155335 650868 166332
3 225684 73235 996015 674036
1 609669 495
3 701438 230430 485741 914872
3 732420 134184 189887 263344
3 821334 165153 181298 585202
1 638026 415
1 403113 913
3 785980 156110 66795 79309
3 710194 702723 352161 217964
1 497850 987
3 624237 744729 501471 98086
3 335090 644710 590850 965423
1 475941 430
1 49877 649
1 78280 278
3 27054 2603 992683 989345
3 529633 751948 450355 656671
3 566632 391190 22713 925448
1 439658 572
1 445948 567
3 445948 948100 445948 84979
1 677473 622
3 859465 770365 771072 618576
3 392269 82776 405217 488114
1 781280 32
3 781280 77625 781280 486937
1 136380 20
3 172308 240560 83795 762308
3 501090 843716 123371 78528
1 550738 793
1 567474 804
3 505790 546393 658595 239670
3 281711 940672 277026 18443
1 765027 317
3 64041 963461 327443 453857
1 763930 485
1 452478 751
3 984474 481450 495360 156866
1 821904 129
3 302465 803566 171377 285104
1 771817 785
3 880156 495905 873473 78907
1 378212 154
3 378212 678765 378212 168227
3 788225 886051 86977 419073
3 879144 101833 48797 518479
1 385856 561
1 904152 974
3 19480 886634 775900 471217
1 973549 559
3 218025 913760 940461 948483
1 127004 132
3 829446 158571 785557 770763
1 988077 877
1 146739 219
1 247400 434
1 960391 819
1 534967 237
1 950221 486
1 451134 492
3 548433 551732 169868 540502
3 168171 143765 908392 348529
3 626395 424748 699224 988604
3 335102 107903 251575 174039
1 512588 388
1 403227 768
1 445550 331
1 876272 172
3 709700 584981 612668 169290
3 149069 147655 496381 360128
3 37862 627622 436159 52312
3 272991 407630 597540 530096
1 639955 960
1 451269 194
3 818990 24334 653690 759259
3 317777 702068 196031 875531
1 260737 58
3 260737 552631 260737 516647
1 656325 771
3 829408 865777 769811 823027
3 15870 411584 534944 972271
1 902256 870
3 232692 138556 840536 972379
3 505139 706504 300179 231741
3 31890 346560 410783 875233
3 574093 875997 505442 848703
3 70918 189449 356157 934727
3 776739 563951 377780 906457
3 381235 854324 839446 848787
3 426939 476563 795529 286894
3 738077 348628 690567 976653
3 167860 729469 684490 938121
1 635269 473
3 505661 996580 742016 651581
1 845201 566
3 172825 488563 197857 771350
3 554081 702205 900807 611497
3 529319 423149 491178 618083
3 7030 403713 158203 245679
3 785940 115977 566156 926456
1 614821 287
1 161597 686
3 59603 369418 203995 200693
3 626276 441219 717643 339377
1 56762 605
3 509807 307445 239605 829846
3 107711 753287 445001 365571
1 5691 541
3 5691 559608 5691 414813
1 179912 742
1 504256 751
1 440373 573
3 440373 533017 440373 181377
3 702375 647299 677283 398881
1 30872 1000
3 881178 146251 984790 507333
3 144821 35415 543200 595674
1 994214 525
1 644341 543
3 40786 233426 424037 797189
1 9647 405
3 571513 631524 274584 575927
3 720298 529751 850773 564222
3 502588 163020 416380 687218
3 703023 273760 211998 276552
3 39041 349059 59142 339037
1 562785 634
3 746948 885034 595094 916704
3 693294 265654 145453 843616
3 239775 133270 264747 517503
1 682595 390
1 479122 517
3 417941 253311 449142 858131
3 636194 988108 558586 556679
3 987879 936091 943693 171691
3 377470 332148 958380 383280
1 628261 744
1 296638 242
3 290559 73097 385486 188217
3 648286 3739 642264 766949
3 837082 580075 157008 112700
3 617128 49783 107236 987589
1 793213 239
3 929544 638583 324908 677767
3 436399 680641 918208 496431
3 622909 252675 238139 789352
1 812847 365
1 731809 84
1 410785 333
1 192802 35
1 454257 334
3 337614 688769 133051 661851
1 600253 373
3 875655 321849 812339 653087
1 36879 866
3 615075 219230 884807 65195
1 401777 406
1 964593 552
3 389673 299279 475630 558080
3 103716 536553 149780 697382
1 662017 193
1 899900 257
3 597426 416023 501730 826100
3 715564 139544 488830 517133
1 421566 246
3 326782 214974 407819 425880
3 526307 774426 312863 54142
1 787837 406
1 811756 340
3 807706 273373 412514 905637
3 575730 499382 12386 458523
1 104811 10
1 571825 516
1 462893 893
1 149567 752
1 478168 118
1 868711 458
3 46725 580972 510474 330438
1 969522 574
3 336518 300157 385920 556456
3 832039 926607 846735 737302
3 21239 55255 694000 827600
1 667190 638
1 893976 676
3 405915 527250 405408 783791
1 162977 580
1 873002 163
3 517998 238666 762295 361185
3 556986 635909 513027 590224
1 170374 73
3 113726 214255 718583 752516
1 666516 497
1 630139 464
1 411578 2
3 334176 340447 371282 927081
3 329130 195658 118964 626138
3 548176 111840 456128 269816
1 776280 637
1 450429 115
1 875206 290
3 443067 649598 853991 366169
3 941947 147204 176217 12741
3 107545 724274 979641 421660
1 774138 69
1 584511 458
1 399636 848
3 950423 491194 708633 477804
3 424434 780192 153144 489603
3 928864 38419 248530 111787
3 205562 40576 928505 313314
1 608704 805
1 939563 916
1 210569 138
3 347979 995468 770336 49948
1 961299 802
1 644992 745
1 341266 254
1 512920 938
1 445064 448
1 451353 186
3 840453 523857 25603 273393
3 518148 410697 707755 394906
1 766377 519
3 573877 499710 201452 877148
1 544132 861
3 163041 970137 488899 266016
1 452651 738
3 441749 290846 70309 900325
3 585857 194635 282958 100487
1 248880 815
1 36877 860
1 562790 429
1 824136 798
3 36008 952296 346053 742106
3 349976 545891 892112 648640
1 170967 698
1 151572 862
3 947254 831815 208901 165081
3 963377 845398 255086 434745
1 527972 527
1 926255 527
3 455118 826562 434253 514127
3 292152 949511 987075 206291
1 405372 783
3 161848 425081 797165 515428
1 643095 547
3 318702 379113 951084 113169
1 492891 386
3 492891 283536 492891 51532
1 226514 782
3 696487 441793 504351 463169
3 510863 563291 980985 764850
3 982224 399733 26801 183563
3 903004 611896 541085 525529
1 142400 140
3 695724 818098 447696 881939
3 796175 56139 969431 949674
3 840112 227754 946252 17798
3 674584 656230 920073 278901
1 424512 901
3 534003 421628 715472 775313
1 298349 799
3 286574 752848 779594 922163
1 797599 567
1 904083 233
1 957408 245
3 957408 112883 957408 959612
1 947233 934
1 764231 408
1 555947 542
3 871977 895554 496050 425485
3 11199 919596 635727 188887
3 24502 827670 77300 552677
1 357451 943
3 965288 779601 838745 282462
3 117653 587404 143284 80348
1 55753 585
1 255481 427
1 457103 889
3 896272 507252 31684 739453
1 785025 52
1 987878 600
1 566888 973
1 632690 53
1 556364 824
1 560898 857
1 407590 261
3 585561 709565 862806 581071
3 699422 115250 186913 244148
1 31203 469
1 328454 521
3 477442 208949 547221 975327
3 196021 415137 363818 130714
1 175026 733
1 385425 159
1 601270 128
1 738379 499
3 755331 555764 200196 695815
1 139748 993
3 654560 350332 788863 960049
3 426515 851159 808143 138035
1 456076 757
1 908514 963
3 455814 95458 444759 15399
3 119674 802879 571248 156724
3 434023 551679 809066 81842
3 780405 680557 903880 180560
3 337369 675543 986335 84884
3 991454 297249 416948 665297
3 75340 806801 534306 222466
1 279160 232
3 767338 71645 361146 583987
1 929160 100
1 377050 190
1 680354 293
3 861459 868326 284270 282076
1 997998 919
3 938558 466072 226693 328691
1 770856 327
1 554833 286
3 399534 583411 463122 427507
3 486883 962537 295716 905525
3 419055 324008 533025 540517
3 662329 448995 509476 639899
1 640068 771
1 445520 400
3 964286 168903 658479 233636
1 285216 50
1 217241 301
3 857601 863850 334016 378126
3 512840 547673 350529 459318
3 963691 289773 589404 163231
1 970807 432
3 713607 785218 317467 76681
1 954555 792
1 548582 640
3 935667 673379 890903 44139
3 623959 292448 549884 386504
3 191412 333969 320482 822450
1 144482 35
3 144482 751056 144482 356212
3 423745 845436 474455 350506
1 414024 634
3 760771 83878 864688 389312
1 548301 536
1 657960 979
3 428600 302561 554769 947181
3 715713 995032 537764 847439
1 990805 102
3 272849 163248 435628 520940
3 303924 639111 72779 562343
3 236254 33221 916483 436616
3 841769 766582 888600 226954
1 164051 15
1 428560 203
1 935623 295
1 968121 358
1 659837 258
3 676284 214824 807982 4999
3 642871 929828 410991 480720
1 428454 329
3 187303 754167 3071 728684
3 489883 500974 374643 850314
3 779046 355784 604906 548545
1 885034 171
1 841733 98
3 954075 577779 940729 460417
3 372325 723947 920347 827268
3 705223 787173 98014 923347
3 450940 228317 535998 954538
3 483993 865101 388387 744078
3 744872 936248 165554 922197
1 145002 129
