2000
3 286958 47277 286958 516050
2 62513 690
3 944478 726924 889770 726924
1 846907 655
3 846907 444211 846907 107507
3 634701 54798 269814 54798
1 126589 776
3 666838 803784 731625 803784
1 115467 590
2 991066 498
2 739161 136
1 263738 676
1 735157 789
1 308225 787
3 465367 870986 465367 686951
2 551847 321
2 599405 924
1 401804 797
3 822221 17187 3853 17187
3 880529 292643 431201 292643
1 405559 907
1 515245 222
3 367467 831664 1182 831664
1 158235 64
1 937276 523
3 937276 808784 937276 278193
2 882858 495
1 112702 578
3 573701 895279 281007 895279
1 897433 332
2 473575 496
1 705015 980
3 468842 442409 362678 442409
3 2411 276166 285188 276166
1 667478 350
2 84443 835
3 213518 517226 213518 545955
3 482100 248512 482100 189158
2 466608 441
2 441765 742
2 704549 966
3 251916 221013 251916 718834
1 431897 499
2 63011 277
3 441239 278906 441239 994605
3 917499 517390 209656 517390
1 736915 32
3 704349 110482 704349 443643
2 496052 779
3 936385 496052 383829 496052
2 246195 854
3 949310 398108 210221 398108
2 436939 376
1 498961 909
3 669124 23723 669014 23723
1 86583 547
2 137553 536
2 671752 261
3 885833 313253 621331 313253
1 570854 251
1 115805 803
1 702789 455
1 747454 847
2 493366 879
1 790872 37
2 412719 386
3 101877 767066 101877 227431
3 589464 723074 589464 670117
1 836989 518
3 287409 245621 297273 245621
1 562269 370
2 115549 646
3 890520 115549 511183 115549
3 973252 566782 167895 566782
1 796900 80
1 464895 6
3 109775 272459 677576 272459
1 707745 486
1 645337 329
2 360786 822
3 289924 360786 251744 360786
1 621739 228
2 204676 275
1 477860 585
1 956901 264
2 184738 866
1 901598 93
2 194858 877
3 781593 708445 781593 42812
2 657582 201
2 226870 850
2 172404 829
2 371785 539
3 18470 424659 18470 704573
2 404135 515
2 763549 343
1 601646 205
3 266732 870593 266732 661197
1 268600 70
2 789798 999
2 370415 932
2 449749 374
2 494451 86
2 77188 212
2 647226 31
2 800459 668
3 369219 800459 948299 800459
2 81328 649
3 879936 330687 879936 708344
3 53950 806960 53950 25392
1 744595 306
3 307898 320754 307898 851187
1 11589 140
3 356630 609117 299437 609117
1 273779 243
1 288100 287
2 705621 620
1 699945 235
2 184878 993
3 252904 184878 229559 184878
1 757510 273
3 396007 455091 396007 962393
1 696105 278
3 359713 374228 359713 173779
1 866454 250
3 590502 296200 301063 296200
3 112080 382322 112080 454326
1 56579 529
3 114457 248694 817088 248694
2 924023 14
3 470450 227176 470450 786467
1 106549 65
1 820240 388
3 961006 747007 961006 192455
3 512829 166083 603471 166083
1 491556 445
2 611302 275
1 950552 705
2 776835 934
1 321102 826
2 564031 725
1 374403 167
1 958230 394
2 101205 82
1 674875 450
2 478678 804
1 359779 64
2 24132 485
1 56781 945
2 305556 212
2 713677 901
1 714096 16
2 966376 250
2 607057 195
1 85640 50
2 927448 17
3 346982 280106 680834 280106
3 371022 23958 132395 23958
3 585697 836649 549681 836649
3 566356 1037 940982 1037
2 118921 39
3 942068 97967 942068 610007
1 123143 958
1 789013 481
1 348986 610
1 409564 978
2 541983 574
2 22642 538
1 409411 22
3 105316 480273 765680 480273
3 661095 667160 661095 699817
3 253286 933909 253286 957700
2 138200 790
1 880324 31
3 427135 700365 803462 700365
2 248111 692
3 960998 445171 960998 530848
3 845935 388327 792459 388327
1 513411 253
2 213882 405
2 992103 209
3 970016 588745 970016 412613
3 724910 49730 724910 684420
1 131855 175
3 911674 275970 911674 215353
3 419062 937341 820124 937341
1 15989 68
2 447355 796
3 273819 56377 273819 840394
3 470439 915499 470439 613875
2 696069 64
1 259146 929
1 10148 741
1 162404 220
3 65322 600690 65322 371589
2 662321 353
2 687690 90
1 269086 672
1 532031 341
2 973826 334
3 905136 814467 905136 73101
1 433634 741
3 690597 939738 690597 270658
2 230717 605
2 121464 241
3 438092 210775 790725 210775
3 1371 673509 825041 673509
3 19835 666472 340539 666472
3 597333 350402 597333 69428
3 817911 639177 963919 639177
3 737181 741850 737181 910595
2 385721 759
2 426298 873
1 959830 889
1 68068 914
3 224251 437224 224251 910066
1 549526 982
1 386000 506
1 20886 20
3 152922 454714 152922 929937
2 418136 535
3 434219 418136 904605 418136
2 80838 513
3 75012 177952 316586 177952
3 401185 975687 552586 975687
3 184800 843054 919562 843054
2 741550 283
2 737518 520
3 578140 366923 684339 366923
2 52973 619
1 805649 641
2 972729 156
3 200025 167775 200025 834384
2 874231 459
1 802658 198
3 127921 92117 127921 699551
2 697774 877
3 548022 705205 548022 483140
2 137486 119
3 912767 248483 867603 248483
1 435188 634
3 368058 455837 368058 366889
3 922631 56264 647378 56264
3 743013 574786 223064 574786
2 220567 633
2 547643 765
3 369661 856750 635511 856750
3 788982 390303 844738 390303
2 134696 173
2 522753 140
1 606666 361
3 462379 522564 462379 53618
2 255070 231
3 467527 257975 543614 257975
2 69904 393
2 894882 342
3 464633 734508 464633 617945
2 636493 744
2 538860 690
1 733563 65
1 91573 651
3 614728 66012 190692 66012
2 858652 633
3 147454 836967 819646 836967
3 337256 928433 337256 854209
1 935548 299
2 323172 799
2 573101 466
3 66851 257449 959952 257449
1 914498 110
3 140699 791465 745068 791465
2 477176 700
3 486691 406279 658240 406279
3 136416 971153 173128 971153
1 566277 436
2 327830 438
1 433866 388
3 239188 133100 537901 133100
3 499140 134782 903557 134782
3 978915 920838 480610 920838
1 530102 346
1 428587 857
2 968667 379
3 384313 836786 250708 836786
1 83713 215
2 578546 577
3 525421 567156 525421 42045
2 855048 365
3 265538 398682 265538 906675
3 209311 262192 209311 982881
2 109042 20
3 325576 553959 325576 604214
3 961923 994690 961923 679681
3 952623 597274 7528 597274
1 500641 696
1 893693 186
1 702896 0
1 248976 273
1 758207 291
3 797678 710991 797678 330007
3 560584 357773 156363 357773
2 987441 664
2 71318 781
2 119854 91
2 210025 497
3 155400 755352 155400 479073
1 181217 81
1 470958 781
1 667858 475
1 550976 271
1 742095 816
2 916625 636
1 559421 729
2 254023 465
1 119848 894
2 993075 715
1 428714 699
2 8306 658
3 217016 826188 217016 577383
2 905506 251
1 446786 547
3 322196 275270 322196 994830
1 315994 204
1 885368 444
2 145373 740
3 314203 905818 314203 50218
2 854740 228
2 484532 803
2 964526 345
1 951878 560
1 419399 680
1 439198 999
1 522978 973
3 484689 375567 245055 375567
2 578896 691
3 59803 970839 610481 970839
1 225025 588
3 959764 914741 266846 914741
3 496712 761273 496712 916579
2 643057 94
1 880599 179
3 880599 808352 880599 599521
2 173137 50
1 754362 822
3 290739 344541 290739 500146
1 405655 683
3 409036 369424 409036 427690
2 449445 641
3 610764 322982 801095 322982
2 515854 530
3 646056 482130 387901 482130
1 221936 511
2 162233 875
3 454102 299805 840879 299805
3 597950 223726 600393 223726
2 322440 818
3 352211 164359 628610 164359
3 587221 509017 516037 509017
2 920919 905
1 151562 248
3 877951 530361 877951 351503
1 735060 847
1 775381 585
1 723404 199
3 188327 596361 188327 507831
2 441351 399
3 204178 209413 204178 742530
3 462605 823621 462605 793579
3 552888 116202 552888 144705
2 830810 607
1 385907 734
2 5286 237
2 442752 462
1 492010 573
3 11718 58242 11718 328472
2 652270 788
3 427284 556639 816617 556639
3 751776 298602 751776 609927
1 495943 323
1 786781 10
2 537112 680
2 395491 102
2 845571 797
2 96719 980
1 34808 350
1 64549 718
1 493262 164
3 17478 705473 377535 705473
3 843696 710532 138732 710532
1 784445 303
3 40665 408599 92363 408599
2 786511 659
2 70952 110
2 779799 254
3 302959 779799 542283 779799
2 123782 345
1 703382 388
1 721355 788
2 131411 399
1 887854 16
2 855895 847
3 927942 13756 927942 141076
3 467913 49548 724119 49548
1 986808 782
2 287465 114
1 547244 58
2 297724 450
3 454791 976144 454791 876170
2 55628 513
3 781028 584296 781028 168062
2 716418 516
3 294458 653073 142001 653073
1 275340 438
1 15649 852
2 535749 290
3 617418 535749 236649 535749
2 338975 385
3 809017 196457 864045 196457
3 978415 676932 978415 819204
2 699035 9
1 926738 67
2 621961 862
3 825070 106282 975987 106282
2 956246 520
2 52791 434
3 415025 52791 238310 52791
2 783757 420
2 977261 422
3 552235 302731 552235 651175
2 727337 724
3 771974 53162 440194 53162
1 761635 868
1 966629 953
3 804726 136023 804726 795432
1 674618 299
3 94090 914507 555044 914507
3 54904 816162 693711 816162
3 157907 721202 157907 2694
2 625100 606
1 695912 984
3 695912 400807 695912 148673
2 368639 448
1 967501 694
1 674352 390
2 437206 84
3 211720 148267 391858 148267
2 905976 371
3 435549 448320 435549 289024
1 559173 661
2 627514 458
2 916386 278
3 727458 933230 727458 223987
1 651296 275
1 701465 524
2 782732 222
2 490577 728
1 833027 336
3 945754 237506 945754 374264
3 336634 610690 226282 610690
3 43409 176215 43409 290336
2 307787 325
2 117207 983
3 36941 108313 841759 108313
2 565679 364
2 294425 232
1 678312 11
1 622902 154
2 993524 770
1 693366 133
1 659963 45
1 499923 690
1 850643 822
2 285734 903
2 917466 892
3 906528 451908 511755 451908
1 572174 703
1 392291 363
2 37349 490
1 448414 226
2 70523 83
1 564255 436
2 341478 411
3 50236 65468 50236 276541
1 904929 6
1 920989 672
3 56780 896453 56780 490890
3 865070 662041 414681 662041
3 134742 832648 515104 832648
1 795335 42
2 313465 209
3 575746 313465 827366 313465
3 452610 817382 65592 817382
3 156490 404303 156490 390995
2 22269 160
3 551521 863108 797950 863108
3 882566 671426 882566 216752
3 600807 852638 600807 692680
1 154927 209
2 313747 769
3 66158 898398 314051 898398
2 819855 20
3 326588 535041 326588 218638
2 858315 998
2 392425 517
1 982722 291
3 137394 96742 691418 96742
2 565608 143
3 760806 338844 757510 338844
2 54249 364
1 352935 540
2 573275 485
1 362710 606
1 89155 351
2 966729 401
3 338628 881131 338628 236084
1 812797 661
3 100637 737359 967927 737359
2 804423 320
3 76211 607932 76211 727221
2 981977 856
1 871538 741
1 676751 825
1 432384 243
3 316158 885729 316158 903733
3 68894 774564 342248 774564
1 957608 491
3 202751 469822 202751 357740
1 381235 624
3 11237 540553 11237 364066
2 773090 670
3 622333 747663 622333 846081
1 488050 672
3 606689 805724 606689 294192
2 817141 708
2 629895 226
2 464340 863
3 374803 464340 71808 464340
2 319899 229
3 988930 319899 493824 319899
3 813482 875498 813482 353922
2 262325 656
1 586357 583
2 197280 716
2 545680 873
1 425700 868
1 938671 221
2 13024 640
1 260320 832
1 933152 799
2 853134 90
2 496766 289
3 864361 261611 864361 317487
3 866933 207273 771894 207273
3 62831 4999 62831 421687
2 356151 222
2 861581 581
1 747818 222
1 997663 859
1 411061 616
2 598675 481
2 24199 193
3 506823 797454 506823 945781
1 725441 579
2 413982 444
1 30925 815
1 733421 859
3 994380 189928 556699 189928
2 84510 985
3 558227 109529 229440 109529
2 605757 480
3 69538 303617 69538 502373
1 671824 554
3 907096 188293 907096 656175
3 203054 951831 203054 148185
2 717528 8
3 69033 863552 69033 551120
3 969038 888062 969038 916441
2 46606 342
2 601682 720
2 588268 381
3 287774 588268 98996 588268
1 1653 961
1 154575 256
2 275083 307
1 952053 794
1 745924 435
3 246561 714977 246561 181471
3 158991 760052 158991 182771
1 78256 859
1 460759 653
2 238912 628
2 688808 768
1 609989 669
3 126413 882833 126413 214806
3 424316 162433 438976 162433
2 465313 558
2 984188 202
3 604370 574075 604370 338385
1 468094 877
1 770276 219
3 814958 34213 814958 517008
1 402063 516
3 402063 583181 402063 472740
3 464504 547545 464504 68910
2 220487 682
2 639569 801
1 656867 173
1 605895 925
1 781561 978
3 781561 721868 781561 445950
3 904698 151447 904698 717231
3 213154 900757 213154 987464
1 544275 237
2 804713 58
3 859802 962836 859802 954039
3 792048 62711 293236 62711
1 241568 660
3 758134 271983 245857 271983
1 853375 847
3 830853 130768 830853 642434
3 586087 841488 431355 841488
2 848257 613
1 176319 129
1 122670 112
3 849791 258056 751318 258056
1 764687 253
1 667373 396
2 187783 619
3 496280 455683 278159 455683
2 879258 739
2 134953 484
2 678048 999
2 918737 508
3 569251 186281 569251 873157
1 746946 112
3 746946 986222 746946 326011
1 971296 139
1 139975 463
1 52040 275
2 169773 784
3 282475 169773 706938 169773
1 944910 206
2 254572 203
1 971317 614
3 402628 972614 559840 972614
2 607905 623
2 439367 209
3 691697 633494 380790 633494
3 74034 724667 74034 606875
3 823243 220726 823243 661019
2 647028 138
1 687194 239
1 712040 987
3 850667 876594 656420 876594
2 213491 831
3 263263 392816 143661 392816
3 747756 406021 406622 406021
1 613359 131
1 416116 629
1 426903 26
2 16203 306
1 362252 186
2 670517 500
1 512423 430
2 653081 825
3 82960 325777 82960 421506
3 265529 371277 615831 371277
2 506646 175
2 266722 53
3 768665 165169 768665 667357
1 251885 186
1 35942 481
2 579436 435
1 371618 506
2 855699 1
3 360571 405756 360571 933265
3 548562 665499 165036 665499
3 543477 558137 543477 19825
3 386863 172819 386863 434709
2 181844 962
2 988154 959
1 381101 657
2 276280 258
3 272660 259669 272660 144176
1 356021 184
3 410845 347499 410845 382455
1 745663 687
1 463803 160
3 90989 655278 973423 655278
1 658675 926
1 897469 970
1 841168 183
1 739822 797
3 739822 703342 739822 458424
3 273325 749437 273325 32622
2 778516 156
2 724798 182
2 234639 682
1 476063 762
3 981890 76075 449731 76075
1 901304 893
3 901304 818373 901304 117894
1 662515 759
3 117642 734597 117642 512692
1 662246 236
2 381335 213
2 436379 561
1 19976 594
2 685644 126
1 867583 897
3 867583 445798 867583 351503
3 756922 462997 198948 462997
3 297509 247828 679347 247828
3 503421 369863 503421 18413
1 108875 842
3 600903 402734 600903 885507
2 391514 100
1 493870 98
1 416672 693
2 840566 683
2 886517 694
3 657576 886517 75525 886517
1 364323 135
1 685044 406
2 797581 114
3 677775 328407 677775 714339
2 143584 419
2 281938 700
1 555537 434
1 373605 610
1 854069 235
3 15163 102255 15163 48846
3 114615 269286 114615 675262
1 550568 459
2 80254 528
2 702107 517
2 47532 207
2 78118 665
2 133931 648
1 447045 484
2 426041 258
1 244374 433
1 824794 890
1 593432 973
2 908009 408
1 569938 12
1 815694 527
1 189181 602
3 70275 419058 70275 430665
2 120683 84
1 732094 501
1 374344 325
3 396882 416078 981565 416078
1 412672 791
3 445395 611014 426344 611014
3 550135 474816 118875 474816
2 116567 980
1 748166 784
2 351784 950
2 113792 978
1 484262 361
1 899092 215
1 846011 600
1 441643 660
2 385412 267
3 471699 119595 471699 269121
1 501320 189
2 216957 654
3 310763 769405 761126 769405
3 683247 758220 683247 13372
1 719995 525
3 719995 969067 719995 645380
2 547254 286
2 234071 441
3 862044 168991 862044 124058
1 972191 753
2 594104 528
1 741366 732
3 153251 192512 153251 504103
2 661916 582
3 536437 958612 536437 173179
3 840904 422727 840904 555708
2 997770 728
2 343630 327
1 757172 253
1 827090 405
2 802080 912
2 251735 743
1 93579 628
2 22256 821
1 573437 365
2 444538 525
3 272639 734947 272639 719566
3 840253 946151 693158 946151
1 497055 486
3 569543 731383 569543 83098
1 571566 855
3 961523 64383 961523 88147
1 244087 373
3 244087 334990 244087 773570
2 143501 521
2 51609 333
2 602281 168
2 517949 888
3 123250 54265 272623 54265
1 4786 479
2 287023 298
3 157980 727211 157980 490341
3 143315 741239 903094 741239
3 281211 9835 281211 96536
2 213082 710
1 574121 785
1 775786 70
2 411028 106
3 413689 106607 413689 138508
3 539340 869993 779898 869993
3 292335 260246 292335 798040
3 778393 720960 213224 720960
3 79842 355086 79842 986334
2 879400 775
1 649704 662
3 649704 571494 649704 117122
1 199758 903
1 422097 268
1 511946 389
3 377083 915231 377083 694424
2 199690 410
3 73281 161156 73281 757890
2 951254 375
1 952921 777
3 108473 537618 108473 381275
3 614344 198757 614344 299239
1 931656 738
2 528210 813
2 744115 787
2 856765 510
1 991580 349
3 347175 58989 13717 58989
1 306459 847
1 301867 786
1 334344 958
3 803493 47753 771970 47753
1 991951 938
2 236968 582
1 954615 891
3 799879 180535 314030 180535
2 270906 715
1 809359 599
3 809359 428938 809359 32617
2 216324 286
3 278788 92136 278788 289404
1 569637 276
2 623368 55
2 319049 345
2 203573 610
1 563496 910
2 227533 889
1 501104 38
1 647682 237
3 519108 765153 195199 765153
3 259602 374189 259602 422571
2 618766 717
2 491286 302
1 246097 964
3 35986 846197 74396 846197
2 518571 340
1 749610 625
1 548533 402
1 119500 342
1 162238 336
3 914214 342305 813550 342305
1 151895 551
2 258071 754
1 71705 278
2 554830 309
3 271410 554830 23338 554830
2 316819 985
3 897918 316819 870190 316819
2 926509 71
2 206020 452
1 624686 29
1 708417 876
3 525177 821317 630976 821317
1 217146 587
2 945544 833
3 476154 151072 476154 486688
3 563041 625620 454332 625620
2 315194 516
2 218758 552
1 918536 117
2 331592 123
3 419870 123876 419870 825370
1 23765 512
2 739217 142
3 263613 971909 34752 971909
1 835946 504
2 560493 189
2 495237 488
2 724243 493
2 266334 85
1 920105 804
3 176360 223342 904425 223342
2 148948 997
1 916005 811
3 916005 55400 916005 512947
3 266335 221166 62139 221166
1 783655 941
3 783655 455683 783655 583525
1 865196 375
1 37071 862
3 944187 948799 246752 948799
3 627164 390045 627164 995389
3 479145 282735 724240 282735
3 978814 648595 388456 648595
1 851633 586
3 232038 448835 993279 448835
2 612162 559
1 636153 433
2 853375 855
1 67380 909
2 789479 382
1 625072 344
3 696726 971532 696726 274906
1 658251 319
3 658251 878318 658251 994287
2 89886 224
2 837493 709
3 317134 457456 236373 457456
3 841259 346204 841259 2873
1 435179 258
3 265859 696572 265859 471842
1 78044 973
1 364264 720
2 986567 203
2 974258 639
3 791996 928613 791996 198629
3 710556 534117 343730 534117
1 352193 457
3 352193 366807 352193 683104
2 228840 894
2 578769 375
1 893621 214
2 225759 86
3 452305 693988 452305 328133
2 870302 274
1 51212 792
3 51212 328871 51212 48819
2 680003 90
2 1165 66
3 496649 745735 627610 745735
1 928280 824
3 117684 553698 386728 553698
2 250002 930
2 970015 537
2 700571 193
3 383406 700571 289245 700571
3 422183 212247 193114 212247
1 952466 877
3 983442 411708 983442 266420
3 857951 599376 810628 599376
3 8986 835461 8986 224298
1 4104 939
3 991661 9781 917150 9781
2 993512 751
1 646961 178
3 646961 296003 646961 143195
3 446304 272758 446304 856947
3 423100 545504 834400 545504
3 83818 416742 83818 670668
2 398398 780
1 572259 541
3 509991 875841 618230 875841
3 720968 395050 720968 944942
1 518107 634
2 989947 550
3 76265 989947 640144 989947
2 380137 112
2 641614 325
3 976794 641614 903397 641614
3 773727 598921 819907 598921
2 859673 322
3 449913 859673 732918 859673
1 945449 670
3 303979 418897 233599 418897
2 338378 35
3 363845 921798 363845 762503
3 285562 191079 285562 819952
3 200329 471471 200329 666670
3 238601 890170 238601 158602
1 944439 230
2 801095 570
1 764978 374
1 7287 672
3 559571 840789 487689 840789
2 617974 650
2 244528 646
3 329724 198792 329724 829283
3 963704 400317 457430 400317
3 430309 814287 426214 814287
1 467338 79
3 192379 168503 423377 168503
1 624291 707
3 623545 39940 481377 39940
2 614141 214
3 866344 629229 866344 834446
2 34941 814
3 363343 404974 363343 141832
2 990996 829
2 465173 592
3 897112 244214 834101 244214
1 525294 743
1 693286 633
1 926217 143
1 114900 574
3 972129 50572 630216 50572
3 828952 572207 872712 572207
1 583761 756
3 583761 821719 583761 631260
2 168236 440
3 140902 168236 915605 168236
1 586846 592
1 82300 992
2 825877 388
3 35833 603990 35833 44656
2 6693 712
3 919696 429972 998941 429972
3 414377 363052 365417 363052
2 798526 758
1 212464 176
1 877961 926
2 882156 115
1 202007 906
2 395480 294
3 515713 236812 177500 236812
2 934220 207
3 61880 934220 88795 934220
3 95523 517670 95523 540253
1 474625 151
3 860598 908957 860598 412488
1 227639 274
1 920602 224
1 802901 125
1 494736 825
2 284387 747
2 698351 897
3 939384 963100 939384 305207
1 553615 503
2 357040 773
2 341523 681
2 917206 879
1 809161 182
3 426776 541512 426776 449491
1 863450 952
1 551003 650
2 344485 633
2 327601 732
3 156729 184478 816341 184478
1 889676 309
3 39181 748095 39181 857205
2 814497 656
3 833497 482899 833497 240205
3 468492 943120 468492 321898
2 795602 160
2 939816 265
3 769173 916997 238512 916997
2 516213 949
2 960920 510
3 473976 960920 725996 960920
3 565458 44331 130425 44331
3 258080 160891 258080 72782
1 768691 690
3 108480 959390 520827 959390
3 311481 849236 311481 973819
1 862622 455
2 609109 991
1 535729 721
1 997392 8
1 938494 903
1 816463 978
1 286905 27
2 920002 72
1 603125 570
3 603125 840040 603125 445717
2 837385 15
2 256966 210
3 302784 67851 302784 12473
1 493979 766
3 626954 526568 883828 526568
3 312533 841648 504834 841648
1 792403 791
1 370885 485
3 513832 823258 703956 823258
1 311349 590
2 163947 775
3 458708 635165 921729 635165
3 536301 444560 536301 421884
2 17665 479
2 100070 170
3 457338 823770 783562 823770
2 345985 404
1 365377 202
3 760974 191726 551416 191726
2 219142 795
3 55068 72838 820497 72838
3 425916 554737 504583 554737
3 350595 616606 948696 616606
2 748472 669
2 321185 247
1 375520 696
3 375520 4936 375520 435112
1 982848 724
3 982848 105049 982848 897842
3 833507 718928 833507 638714
2 781787 654
2 478003 696
2 668542 619
1 74059 465
2 231167 643
3 822929 953941 806678 953941
3 989261 608117 524890 608117
1 148462 271
3 102156 596760 932802 596760
2 373888 68
1 878579 174
3 878579 79813 878579 579195
1 266299 470
2 910887 634
3 436246 549797 436246 760683
3 924613 6669 961386 6669
3 326846 770642 326846 987324
3 547969 744777 378851 744777
2 480858 766
3 679604 168622 668545 168622
2 523532 560
3 921349 523532 706011 523532
2 441380 914
2 280829 656
3 126577 867461 126577 282256
3 497151 955170 921369 955170
3 745739 957100 432432 957100
2 670834 275
3 734163 636585 734163 674545
2 871651 453
2 78008 946
3 423748 965448 701650 965448
3 909620 64793 685927 64793
2 525942 890
2 345297 317
2 913457 311
3 188921 913457 230013 913457
1 206419 867
2 814652 283
3 678161 14181 678161 54211
2 597133 592
2 842818 911
2 851461 487
2 762528 371
2 952562 185
3 822090 72232 305868 72232
1 162222 707
3 706991 384048 706991 928273
2 40 558
2 683012 234
2 410916 282
3 626223 864294 626223 467675
1 208474 12
2 247834 701
3 996557 247834 920992 247834
1 4277 684
2 891706 219
1 80526 321
1 192235 231
2 173736 315
3 193424 800253 280897 800253
3 638868 347069 354727 347069
3 739479 307374 750630 307374
2 748095 778
1 229615 17
1 116898 125
2 992984 921
3 522046 229214 710474 229214
3 352223 424545 466504 424545
1 441416 4
3 451016 582627 451016 357012
3 915916 430642 143149 430642
2 53351 463
2 474455 107
2 760774 728
3 636402 760774 623073 760774
1 965628 784
1 674727 258
2 984826 757
1 453721 168
2 656176 885
2 571197 383
2 431753 428
3 31478 999096 31478 387809
2 814222 23
1 502763 917
3 502763 341815 502763 88188
3 680156 520264 680156 940307
1 399978 854
3 399978 181911 399978 402676
1 920692 872
3 212643 611011 366226 611011
3 461066 910030 461066 5766
1 444341 545
3 660803 500210 250360 500210
2 56401 676
1 556860 612
2 331422 995
3 272756 331422 300213 331422
2 101388 451
2 757474 483
2 396714 629
3 430268 762833 887564 762833
2 702262 317
3 886176 702262 440216 702262
3 117376 295514 11050 295514
2 679182 522
1 781863 118
3 781863 913150 781863 887560
1 128577 827
2 625998 199
1 291676 648
2 285162 868
1 448476 122
1 544255 165
2 696838 802
3 674935 948241 674935 967132
2 860800 542
3 584790 426351 584790 686903
3 408028 755559 408028 10242
3 827673 537837 755817 537837
2 411757 825
2 619819 632
3 520462 881814 520462 797453
3 569423 372054 569423 33550
2 922499 300
3 72979 685045 72979 356417
3 23265 210926 77899 210926
2 543517 938
2 556301 11
3 764568 944241 764568 549416
3 251160 216191 251160 225615
1 895529 282
3 453726 990890 453726 563626
3 742650 530599 954667 530599
2 67727 429
2 429640 740
1 290216 218
3 967252 150236 16423 150236
1 851701 962
3 20441 226401 20441 210770
1 84045 758
1 739188 954
3 704352 264320 41410 264320
3 252311 855949 474169 855949
1 269842 180
2 505672 62
2 625935 145
2 222702 849
1 86577 755
1 357463 479
3 36271 650752 951159 650752
3 700689 25690 467140 25690
1 351418 405
1 514776 846
3 360944 919427 1123 919427
2 759945 342
1 318909 506
1 926002 767
1 501886 681
2 823590 730
2 170313 777
2 33249 359
2 262165 919
2 811991 40
2 293907 462
3 596576 558218 596576 21433
3 266074 202893 266074 635102
3 691690 72881 691690 881950
2 658495 432
3 523640 638153 523640 237945
1 250206 745
3 318788 816402 318788 472411
3 149748 189328 765723 189328
1 803084 627
3 803084 658137 803084 12590
2 297001 620
3 933840 650448 751965 650448
1 324199 66
3 454432 398756 454432 600469
1 174828 724
3 178414 413152 178414 499686
1 556157 80
1 50247 63
2 660389 810
1 916987 895
1 121796 212
2 834224 636
2 988234 8
1 789880 915
1 968030 167
2 732828 819
3 335463 425604 335463 17037
1 857381 187
1 333264 178
3 930652 795868 847854 795868
3 123920 583679 933135 583679
2 4743 354
1 830180 571
1 857023 677
1 265824 778
3 265824 340564 265824 123788
1 4026 359
1 670612 703
3 952419 376460 952419 251490
3 129049 929129 372070 929129
2 98230 521
2 447259 51
3 658849 845054 658849 499016
3 679617 37918 679617 474266
1 40084 615
3 40084 293713 40084 254788
3 849744 295414 849744 209565
1 33741 161
1 530929 209
3 594642 281791 372024 281791
2 882770 617
1 979218 355
2 634066 131
3 23871 634066 424189 634066
3 54619 340976 54619 331313
1 405613 718
2 399094 636
3 959942 186540 959942 793741
3 674877 341209 683829 341209
3 533709 165210 865873 165210
2 333254 796
3 945525 485540 945525 446432
3 582199 470149 917565 470149
2 309690 245
3 527285 309690 868877 309690
1 185746 939
3 466449 621936 153095 621936
3 123549 880410 123549 150919
2 245546 377
2 42608 385
3 299310 592042 804845 592042
3 766453 63245 766453 388485
3 831552 511361 216532 511361
3 741196 138850 108287 138850
3 296302 715259 356409 715259
1 126711 227
3 445194 465359 445194 986303
2 382169 102
2 881789 349
3 209636 881789 616114 881789
3 393716 901243 393716 245558
2 957788 12
2 480124 94
2 645438 687
3 159629 840389 664150 840389
1 4244 440
3 960403 794466 960403 27184
2 219183 834
2 705509 233
3 942300 232515 445171 232515
3 569160 797363 569160 907285
1 836670 724
1 728394 745
2 476474 326
2 824301 86
1 952732 861
3 952732 364173 952732 23219
1 951944 544
3 627391 70636 627391 669062
2 368778 777
1 937732 948
3 735443 568587 401159 568587
3 945367 188503 945367 690947
1 118165 814
2 332337 381
2 558208 975
2 827510 230
3 444546 147039 635597 147039
1 768171 334
2 149320 39
3 3402 952332 3402 755527
2 181764 485
2 312900 271
3 842663 475733 732710 475733
1 120901 132
2 448489 945
1 284426 345
2 291908 740
1 416463 642
3 592977 453185 592977 21396
3 322709 378549 86776 378549
2 254919 822
3 248590 65448 645844 65448
1 146312 852
3 30197 886784 30197 953356
3 717173 651362 420869 651362
3 800964 521286 800964 386352
3 923562 301723 923562 108437
3 972475 722314 972475 820348
2 645138 905
1 205786 187
3 205786 238583 205786 485166
1 646455 766
3 305889 614895 947977 614895
3 400403 957712 400403 258362
1 515148 564
2 46319 250
3 891513 958575 891513 882703
3 697763 666474 697763 293881
2 581359 203
2 936519 660
3 714244 287278 714244 84074
1 50317 576
3 122355 661556 869824 661556
1 577829 644
2 541726 754
3 367706 541726 32466 541726
1 340620 43
2 394906 74
3 407203 95832 295041 95832
3 972793 911308 530533 911308
3 829715 362549 829715 379931
3 164642 847986 164642 743502
2 828297 670
3 907763 132831 589635 132831
1 899666 366
3 899666 919950 899666 987747
2 364011 976
1 523564 965
2 977440 658
2 934078 909
3 232751 934078 972288 934078
1 805161 258
3 582014 247268 285123 247268
2 675946 835
2 20229 949
1 126502 567
1 426583 984
1 49043 530
1 573678 862
1 15909 540
2 933591 411
2 294694 334
3 631942 939810 631942 532376
3 116557 676952 122747 676952
3 90794 477017 90794 379176
3 284440 119844 652359 119844
3 578876 8340 578876 983057
2 900448 917
1 746783 86
3 325369 720277 196799 720277
1 15651 639
2 397471 918
2 241749 905
3 83489 241749 560823 241749
1 796983 239
1 76646 801
2 699715 916
2 237990 33
2 376054 193
3 423367 743774 423367 340767
1 237196 52
1 199375 386
1 712269 639
1 900438 780
1 292543 118
1 338657 696
2 504614 753
3 679972 791615 679972 223807
2 375005 658
3 880771 775705 944005 775705
1 685847 102
3 852414 99235 852414 265901
3 192782 385314 250161 385314
2 203239 449
1 808789 961
2 130157 775
1 280634 346
2 837804 651
3 109141 953891 862719 953891
3 535449 339889 535449 122437
2 896984 483
3 452605 620903 452605 731497
3 712283 824852 712283 150634
2 841888 471
2 887699 576
1 548437 91
2 113259 204
1 635915 899
3 635915 227589 635915 376509
3 324677 437372 324677 294975
3 333534 663064 333534 599868
2 396255 843
3 724969 299576 869910 299576
2 359753 108
2 626202 776
2 339019 834
3 648010 904468 711742 904468
1 267387 189
3 253435 532740 253435 436773
3 381173 443935 381173 915213
3 150998 524204 150998 172384
3 327045 849652 167170 849652
3 148311 381078 683639 381078
1 359952 86
3 346223 329969 47223 329969
2 328187 425
1 901447 337
1 213530 355
2 940797 69
1 758294 751
3 386113 957072 386113 226893
1 147405 93
2 773933 288
1 563222 225
3 369376 234535 369376 237172
2 975141 530
2 749485 390
1 510446 26
1 979485 275
1 659053 821
2 458623 409
2 652135 506
2 640442 28
3 373501 522483 82769 522483
2 538216 115
1 579062 279
1 252626 164
2 558347 109
3 674516 630733 96228 630733
1 99230 763
2 653977 206
3 347056 912788 347056 761855
2 477494 313
1 871248 513
3 712050 696104 201573 696104
2 886229 628
1 842581 156
1 462259 121
2 938464 864
2 814065 873
3 543590 996843 49540 996843
3 635094 380028 797772 380028
1 608326 192
1 237267 227
2 672008 55
1 1918 976
1 221560 770
1 789058 88
1 189347 590
3 187798 879794 267669 879794
2 315915 435
3 978835 856616 978835 606487
2 699875 980
2 3543 939
1 546459 669
2 838330 141
1 257162 407
3 290951 860077 743365 860077
1 599772 613
3 78110 915451 78110 720660
1 523745 52
1 982610 468
2 125491 530
2 181104 725
2 593636 599
1 832652 516
1 379166 108
3 968412 512320 336163 512320
3 645681 535640 593197 535640
3 71764 539962 71764 159135
1 135056 317
1 260261 657
1 231814 648
3 625414 170103 503930 170103
3 153688 373538 688221 373538
2 48706 236
3 888905 91083 888905 453281
3 261842 753485 261842 197740
1 146973 383
3 146973 289326 146973 476854
2 356735 945
1 269916 192
3 42264 535295 603902 535295
3 762516 509874 762516 483706
3 304421 490613 479479 490613
3 747748 991342 498270 991342
2 726274 33
1 965842 20
3 99618 347782 99618 207724
2 732855 529
1 817903 32
2 465186 817
1 210645 67
3 812130 975478 812130 739854
2 657541 369
3 145601 776159 388957 776159
3 650714 342853 894492 342853
3 526667 438039 526667 735707
1 278480 44
1 957063 913
3 664746 864597 664746 646930
2 329210 34
3 130524 952749 130524 715399
3 600817 706226 600817 841760
2 839404 784
3 121793 442496 782863 442496
3 266286 696241 266286 938891
1 819317 93
3 587433 462612 587433 999285
3 377467 662459 377467 303385
1 794308 115
3 794308 766620 794308 209700
2 214528 391
1 771726 430
3 771726 273818 771726 281751
2 840398 871
2 678150 506
2 151972 596
1 385640 360
3 971684 365995 971684 163555
3 350119 992436 350119 674474
2 349713 295
2 417650 354
1 887707 556
2 296649 960
3 330425 296649 432311 296649
3 562941 654468 367593 654468
1 838723 2
3 92042 964057 92042 399762
1 265730 133
1 514549 451
1 987396 916
3 82520 569669 280613 569669
2 368412 74
1 125713 495
3 125713 986318 125713 91992
3 219619 477178 754906 477178
3 586566 451219 586566 700660
3 329607 896084 329607 126076
2 416374 28
1 760981 363
3 760981 162566 760981 437174
1 172242 198
2 380279 164
3 355387 211664 355387 310412
2 578596 106
1 146913 225
3 204031 961864 204031 161961
1 948012 685
1 764614 671
2 614970 176
2 46601 31
1 382395 489
3 382395 866643 382395 987542
1 276733 459
1 530930 509
3 530930 283730 530930 292232
2 978947 632
3 508626 584484 899771 584484
3 154854 227535 727132 227535
1 971066 50
1 824836 54
1 567287 4
3 842189 406469 842189 157400
3 695738 517920 587043 517920
1 825677 384
1 487669 984
1 338302 641
3 483883 353883 50706 353883
1 907762 535
2 137109 689
1 1633 675
3 579512 389871 579512 735964
3 445750 573209 977812 573209
2 269202 621
3 839699 269202 228572 269202
3 123017 311345 273115 311345
2 432853 271
3 362366 848735 362366 95462
1 189527 559
1 756308 268
3 204376 391609 855503 391609
3 273248 737792 273248 430690
2 334628 38
3 945315 876866 343471 876866
1 751308 813
1 409099 155
3 17126 827400 17126 614467
2 367670 242
3 3311 443038 506517 443038
3 232079 957994 495540 957994
1 290390 77
2 529281 815
2 545555 52
1 719506 870
3 56016 963505 913064 963505
2 655863 987
1 175548 324
2 161678 137
1 43648 993
3 243412 937915 467525 937915
2 781870 235
3 96822 341213 96822 424398
3 975582 962057 975582 55091
3 472869 765744 472869 389525
1 714034 699
1 336150 486
1 318871 25
2 95082 441
1 777092 108
3 777092 771679 777092 204301
1 364875 489
3 848875 236502 325284 236502
1 341365 272
3 725484 14421 217273 14421
2 113424 751
3 58272 284963 58272 77642
2 206294 866
2 291328 899
3 708450 291328 773697 291328
2 869673 634
3 83420 3045 320203 3045
1 878222 885
2 718810 303
1 225726 62
3 417996 252876 417996 938491
2 784317 426
1 307832 564
1 551600 96
1 391659 81
2 853174 463
3 529887 443261 529887 898470
2 299941 882
1 151312 647
1 831915 889
3 66960 1686 765350 1686
1 321821 213
2 929042 30
1 482875 91
3 482875 446481 482875 753252
3 875270 78655 875270 292610
1 650828 938
2 639052 928
2 158887 917
1 557627 631
3 618966 842947 618966 186840
2 759030 735
2 333096 279
2 96347 315
3 29221 96347 585186 96347
2 795115 195
2 214310 663
2 898185 834
3 212085 898185 56042 898185
1 870759 952
2 768198 106
3 598062 768198 399337 768198
3 358280 536902 358280 732897
1 818466 620
1 937072 459
1 622878 282
3 244144 962128 457818 962128
3 111250 187879 794410 187879
1 648087 705
1 230941 522
3 61795 199244 933240 199244
1 589716 253
3 505460 12855 505460 613060
2 411216 745
2 876393 209
1 560533 485
3 137018 992811 137018 849199
1 663570 904
1 383204 746
1 186315 190
2 837559 198
2 49868 266
2 580316 198
1 415324 592
1 368424 322
2 75489 235
1 210815 63
2 349235 334
1 793979 472
2 464467 333
2 488358 90
3 96383 322002 96383 802428
2 29059 806
2 955993 545
3 606174 478928 606174 920525
1 328002 670
2 220111 781
3 184003 61234 184003 562637
3 678787 739649 937675 739649
3 243952 576905 416861 576905
2 843075 784
2 301755 438
2 499080 211
3 379432 499080 718172 499080
3 669302 252222 669302 557964
1 225195 994
3 524405 863304 362849 863304
1 717555 49
2 676354 437
3 58690 215798 119150 215798
3 538089 417316 538089 326457
1 129978 87
2 341327 451
3 409903 341327 39250 341327
1 854471 28
3 854471 216246 854471 290093
1 152132 98
3 399407 748884 399407 874192
2 274218 118
3 226683 534118 226683 96671
3 675017 73612 675017 204171
3 390540 573784 20118 573784
1 191646 7
1 762486 484
3 356201 460085 356201 510975
2 305431 214
2 826315 274
1 880642 246
3 687496 724931 417144 724931
3 166213 300987 166213 857110
1 512778 591
1 662269 944
2 825582 310
3 883580 912397 883580 476470
2 445693 325
3 938953 232566 938953 115424
2 665896 616
2 426012 148
2 464350 211
3 925644 755646 352502 755646
3 832074 110309 832074 912864
3 232905 117322 232905 347072
2 801073 45
1 51860 272
1 983961 533
1 1414 735
3 276722 241624 276722 985964
2 714618 676
1 34119 962
1 395848 544
1 923783 763
3 465093 902351 883965 902351
1 931342 213
2 143362 995
2 551071 307
2 683552 83
3 586136 981819 99860 981819
3 646215 860469 646215 292663
2 92247 216
3 513747 415234 279055 415234
1 219953 817
3 719700 655012 719700 985239
2 26381 660
3 63606 272668 687351 272668
1 465027 220
1 820714 342
1 653219 351
2 617779 223
3 413348 55868 395654 55868
3 40530 742398 40530 513866
3 342285 229723 342285 6914
2 68396 549
3 815659 655889 815659 422957
1 22438 626
2 66522 217
1 862235 480
1 74257 869
3 74257 123621 74257 633248
2 717924 776
2 891892 292
1 742438 531
2 779651 541
2 404987 516
2 249373 933
1 969450 745
3 969450 838629 969450 986986
2 314872 176
2 603261 672
1 779189 476
3 489185 68824 489185 445581
3 988583 47960 775615 47960
1 358532 848
1 674284 758
1 197321 863
3 687201 249788 169584 249788
1 814077 957
1 52603 904
2 520881 92
2 322340 388
3 375278 874519 375278 367448
1 392826 586
2 705724 633
3 412782 300099 412782 43410
2 127464 40
3 797248 128231 736637 128231
3 914559 174162 914559 771300
2 96792 182
3 127639 96792 247748 96792
3 855701 31708 496907 31708
3 96204 131985 380331 131985
2 585421 379
3 210105 98493 126198 98493
2 323835 153
1 910229 878
3 713414 430648 713414 569534
1 961130 914
2 782065 414
3 511831 782065 543203 782065
3 193064 778179 105664 778179
1 345690 362
3 12687 53859 436254 53859
1 78616 427
1 308455 528
3 308455 486465 308455 86663
2 184418 382
3 963232 32878 297354 32878
2 886788 827
2 783302 818
1 560298 952
3 877552 913408 180038 913408
2 144249 113
1 443793 571
1 748213 224
1 285636 965
2 423058 270
1 250077 940
3 136418 571026 415349 571026
1 81387 496
2 548833 709
1 513645 368
2 458492 719
1 373493 127
1 762577 14
1 698599 509
3 20685 43786 239908 43786
1 128508 547
3 486890 932373 486890 895932
3 166081 268572 856917 268572
1 151954 107
2 419602 419
1 956954 961
2 60388 713
2 226422 482
3 283604 762664 138772 762664
3 738042 679152 427564 679152
2 183239 958
1 822613 394
1 833239 822
1 264209 948
3 264209 939013 264209 935826
1 963953 189
3 348649 157519 348649 218044
3 373537 46117 373537 199045
1 756786 364
1 487023 486
3 29446 489124 463307 489124
2 312800 39
3 677905 21074 965607 21074
1 184862 433
3 948849 774993 667865 774993
1 114659 632
3 968529 339798 229472 339798
2 950109 733
2 802378 854
3 688523 734463 688523 793605
1 984019 856
3 186739 640657 526928 640657
3 774108 266721 7311 266721
2 181021 797
1 503734 360
2 272802 249
3 378865 974919 378865 611098
1 444754 114
3 846184 229113 846184 852551
3 524001 388183 974725 388183
3 899705 525696 899705 785856
1 969248 263
2 643136 995
2 929045 412
2 212227 600
2 519881 662
3 511306 595120 577038 595120
1 343606 805
3 155988 909185 155988 835427
1 765765 79
