0.0001181785
0.0000000000
0.0000000000
0.0003942425
501.0000000000
0.0000000000
0.0081983930
0.0000000000
0.0051021380
0.0066510765
0.0100150135
683.0101395334
880.0063373171
0.0075645409
429.0096656450
0.0108753562
0.0122704130
0.0113277103
0.0099902682
0.0221705047
0.0082672025
0.0110149132
0.0168482781
0.0143564604
0.0453016792
0.0133492067
0.0143243836
0.0131400026
0.0179310128
0.0169463062
0.0204361561
626.0252474689
0.0244137192
0.0192489568
0.0166950570
0.0169435321
0.0000000000
0.0145329990
0.0154729230
0.0221940802
0.0145251482
0.0295690308
0.0221980954
0.0171687347
362.0247063772
0.0218182225
0.0241388505
116.0253177489
0.0514493073
0.0088534904
0.0294110437
0.0123933089
338.0190285917
0.0273065072
0.0227878266
735.0261181616
0.0187514755
0.0313133491
387.0274059653
0.0146913840
0.0286181349
0.0287739124
0.0249563804
79.0335583625
0.0314152422
0.0301930342
970.0206265008
0.0475194520
0.0000000000
0.0180447459
658.0236301211
0.0158912955
0.0347937473
0.0271435011
0.0330884480
334.0210682323
0.0382362704
315.0746302493
896.0446011101
0.0351058769
0.0398663311
0.0465578782
0.0354279169
0.0570581205
0.0490358305
0.0414673102
0.0458845467
0.0519832684
0.0456243583
0.0261377694
0.0438837176
0.0454080726
555.0348753172
0.0526319591
0.0404951651
0.0486171677
0.0563165371
0.0464074190
0.0292542448
554.0593906984
0.0527434028
695.0446347404
0.0491302187
0.0552346861
0.0438126225
0.0645394680
0.1053917629
0.1887655127
0.0603083998
0.0023656795
0.0575029041
0.0539795022
0.0600038612
0.0563161655
103.0633277106
0.0670113696
0.0659398310
0.0575250675
559.0756531599
0.0612888781
0.0638755764
0.0510808516
0.0753132070
0.0595383230
0.0637301381
0.0521785049
0.0880886558
0.0665903591
0.0556502743
0.0528591887
0.0000000000
0.0574904049
0.0910474658
0.0641113936
0.0545041561
0.0679072417
0.0000000000
0.0762799390
0.0763478687
0.0685389497
0.0645813645
0.0622984865
0.0524484743
0.0701259321
0.0652367676
0.0590685359
284.0698237124
604.0700167884
0.0480720472
0.3793305931
0.0691120516
0.0633881695
0.0697321033
0.0684339958
0.0716704271
0.0125802762
741.0741984887
0.0794088748
0.1042459396
0.0777113312
0.0868402437
0.0559364458
0.0684909147
168.0760273464
0.0473820262
0.0814733411
736.1018708169
792.0662610257
0.1038067925
0.1012980317
0.0683232413
0.0889286659
0.0555184255
0.0765070226
0.0785233396
0.0721707170
0.1036538360
0.0713523152
0.0952276840
0.0941194616
0.1018895248
0.1059635587
0.0828756928
0.1008140390
670.0697027010
0.0949435341
0.0787505416
0.0916423341
0.0874617985
0.1087971541
0.0872722027
0.1150204904
246.0973137790
0.1245688986
0.0948578575
0.0718694138
0.0993841840
838.0999623913
238.0922973963
0.1078476574
894.0590342945
0.0989195242
0.1198148541
0.1106404025
0.1084253072
0.1040442213
152.1160257743
0.0803992541
0.0781386415
0.0993567462
173.1092234869
0.1014532247
0.1122368786
0.1068597411
0.1129546905
771.1393569797
0.1158561922
0.1051944390
0.1201120730
0.1112854418
468.0961850817
0.1062596641
648.0957714532
0.1708521761
0.0962433022
0.1726467170
0.1149084244
0.1061700881
0.1228749399
0.1195724435
0.1202280069
0.1100503675
93.1159928530
0.1181981941
670.1029891914
0.1251046674
0.1275610518
0.1171239231
0.0991156384
0.2093042247
225.1257368031
0.1258602097
0.1360035702
0.1189685660
0.1226162681
0.1088667182
0.0814837481
518.1181112670
0.1103035849
157.0913469332
0.1232442143
0.1337568344
0.1288904836
0.1171716128
559.1206807330
0.1161484453
0.1228137081
0.1241710487
0.0954788706
0.1068371107
0.1285965969
0.1198681554
0.1411351384
0.1340669856
0.1282623423
0.1347712131
119.1308332847
0.1425046416
0.1224005425
0.1349829110
0.1478069046
0.1263618499
0.0957215638
0.1002453558
0.1358855514
0.1380814270
0.1509812098
0.1286538073
0.1318293781
495.1297575085
0.1522802196
0.1440355948
0.1433944051
0.1387298713
0.1426623670
309.1322050527
0.1416271149
0.1616322205
0.1498803789
0.1442513930
0.1433477649
0.1320641362
257.1450998240
941.1293026392
0.1438871692
0.1390043243
0.1473021257
0.1123746767
0.1463280045
0.1549025960
0.1322231881
0.1459338958
0.1021281876
738.1409052012
0.1542325161
0.1490031352
0.1496955915
0.1475820864
0.1414748988
0.1062332711
0.1414240899
0.1434042915
0.1675686947
0.1407663362
0.1585009827
0.1454833870
0.3022988506
801.1409535257
0.1345670751
0.1458159458
0.1520439292
186.1254247439
0.1444864082
0.1620729001
0.1638503783
0.1490418196
129.1221805892
410.1551825388
0.1601486294
0.1710719825
0.1553945925
0.1361071790
661.1508315257
0.1680778594
0.1711745141
974.1189483724
0.1731004015
0.1582904812
0.1885021758
0.1656871590
0.1956422741
0.1633277667
0.1475347188
0.1743290398
949.1153888827
0.1582906443
0.1594952747
725.1625561090
0.1485940917
0.1367034154
548.1731987375
0.1598937738
0.1627070162
0.1805567200
0.1488471464
0.1743546125
0.1506439168
0.1483361534
0.1750270168
0.1079566896
0.1553732806
474.1778958376
393.1809486046
0.1562616793
0.1661105421
779.1573711278
0.1003709478
0.1808366548
0.1749633922
374.1711369236
0.1612543492
0.1584690975
0.1906368841
0.0000000000
0.1897709168
0.1782036231
387.1691662594
0.2062558068
0.1220063582
0.1867964942
0.1910736717
0.1936140295
0.2040396749
0.1771199492
0.1932968457
0.1945973261
0.1934776385
0.2130422909
0.2052429712
0.2429588608
0.1783859276
0.1959879860
0.1558180447
0.1887936442
0.1910611533
0.2185699470
0.2138605633
0.1892092992
704.2062752999
0.2011867870
0.2029945516
0.1604980429
0.2112122485
0.2020420633
0.2352696751
0.1966647499
0.1726938400
0.2020727339
0.2071801119
0.1853728089
156.2062012362
0.2151942376
0.2071373790
0.1958292087
0.1474881976
0.2064530758
0.1691608217
0.1589749245
0.2244701349
0.2139378986
0.2065570078
0.2100889756
0.2241843404
0.2098264083
0.2408829958
0.1279708728
0.1925102154
0.1768002487
0.1940723566
0.2072637768
0.2325273635
0.2315704127
0.2255650163
0.2078836540
0.2133003880
0.2107709237
0.2259653719
0.1849745119
0.2157144284
797.2302775935
0.2235937564
0.1239496627
0.2164468512
683.2059164766
0.2139418512
0.2309057559
271.2358300801
0.2234009721
0.2304808627
0.1987494967
0.2158975922
0.2254410456
0.3083347537
103.2198160262
0.2271558865
0.2252152310
434.2286623847
0.2450705708
0.2363369685
0.2992506092
0.2174607841
0.2658775029
0.1868506072
102.2363493224
278.2188916947
0.3093327985
153.0471386181
0.2362363435
0.2233134637
0.2283158730
0.2336429288
0.1031111111
687.2528823234
0.2500830883
0.2364053792
0.2344250480
0.2141992608
794.2654970338
79.2402426188
0.2035105983
0.2397795103
0.2417148332
0.2477605900
0.2183792758
0.2263520733
973.2177679572
0.2387550259
0.2374545492
233.2468229884
0.2286115807
0.2366685684
0.2433546224
0.2350518798
0.2366981448
0.2528341597
0.2535230761
0.2505745802
0.2553740280
0.2703108342
749.2815962805
0.2463926550
0.2507565814
0.2678529362
0.2002079002
0.2286874633
0.2694114672
0.2434821612
0.2535775991
0.2540788160
0.2576200769
0.2403752228
33.2486670961
0.2815225762
0.2618486245
0.2453452839
0.2546919002
0.2335770175
791.2595537557
0.2597470378
0.2260493268
0.2599408443
0.2660162125
0.3238011439
0.1512246465
0.2524938347
0.2710390044
0.2255715928
0.2292375492
0.3238604083
0.3272710117
0.0000000000
0.2770054233
0.3875651735
0.2681285971
0.2746433894
0.2646120294
0.2691975706
0.2842438638
530.2559733367
660.2605773907
692.3068618468
0.2359528751
977.2634664988
0.2335512320
0.2788767342
0.2484538504
598.2871992866
639.2503956130
0.2751396896
0.2532379439
765.2753381068
0.2538414827
0.2590637704
0.2853727532
0.2755381885
0.2521350355
0.2655463520
0.2551513682
529.3138950231
0.2732275554
281.2581502563
0.5044447793
0.2669049121
0.2423980788
0.3084960404
845.2939920685
0.2798719740
0.2874306854
0.2728997883
0.2739641783
0.2913960114
0.2846524244
0.2596755315
0.2689968493
0.2667747142
0.2278199183
0.2929768846
0.2547521265
0.2650161767
0.2753343599
0.2984997178
0.3129283242
0.2954980123
0.2736850333
0.2646068653
0.2803804135
0.2732403023
0.2744300445
0.3085156317
0.2682355957
0.2997615116
0.8962750716
0.2703516478
0.3076784854
0.2591081750
0.3588801078
717.3110034944
0.2975867759
0.2532779021
0.2717031297
826.2845232667
0.2859816703
0.2815641480
0.1633197364
0.3064995425
0.1446126966
0.3028080180
0.2553710938
0.3138200223
0.2651439683
0.2615349593
0.2945913349
0.3245910787
0.3057485525
0.2966336877
0.3116038525
0.3119762541
0.3081482902
0.2587081243
0.2737813062
0.3170995192
0.3219626422
0.3150149163
605.2620921580
0.2855790085
582.3189425985
0.3157739072
0.3059837555
0.3060988262
0.3571321658
862.3398047482
0.2860371175
300.3085765006
0.3165176671
0.3057466857
461.3391006335
0.2970724148
0.3342922564
0.3237420564
0.3239296506
0.3252016459
0.2584745328
0.3464168417
0.3153233079
378.3088056019
942.3411727773
92.3381150607
223.3237116706
361.3098073135
0.4006587933
0.3396629023
0.2916393996
0.2670383887
0.3214027279
0.3008512885
0.3196652663
598.5315093361
0.3203154391
0.2828798265
0.3077701248
0.3230764415
0.3284027675
0.3261911960
0.3383921559
0.3412337578
0.3282187600
734.3312598178
0.2956835763
0.3279476752
0.3115892949
0.3242032222
0.2917914728
380.3264161586
0.2848551729
255.3182536210
0.3108916547
287.3359094959
0.3059692127
0.3294927076
0.3307168800
0.3392280753
0.3497946599
0.3131466111
0.3774787362
0.3204724468
721.3077581132
0.3195527802
0.3558067580
0.3116797604
234.3148915707
0.2512859304
