0.0000000000
0.0000000000
0.0000000000
0.0000000000
0.0014600749
0.0075123689
874.0000000000
0.0000000000
0.0100006579
0.0037566414
0.0000000000
0.0000000000
0.0000000000
0.0000000000
951.0000000000
0.0072301512
0.0025368239
0.0148649494
0.0106336848
988.0000000000
0.0068869371
0.0175657764
0.0000000000
0.0064448598
0.0140405451
0.0047743307
0.0057717693
0.0093322961
0.0110766735
0.0112586799
0.0111413915
0.0123741383
0.0104327281
0.0127489391
0.0218023920
0.0129901165
0.0108000025
0.0077554280
0.0126868956
0.0011321872
0.0127115158
0.0136452103
208.0000000000
0.0196577421
0.0130375677
0.0136895316
991.0000000000
0.0195533082
0.0075937537
0.0184883790
0.0192815935
0.0194637209
0.0168834725
0.0201296087
524.0000000000
0.0000000000
0.0248550307
0.0239245757
0.0225418238
0.0225204963
0.0328151517
0.0262685054
0.0222148591
0.0261549960
0.0257868238
624.0000000000
0.0249258451
0.0282300170
0.0236703159
0.0469936264
0.0264477125
0.0343093320
0.0362736044
0.0296738057
0.0297496710
0.0522559381
25.0000000000
0.0430681328
781.0000000000
0.0418141593
0.0279221917
0.0389139866
0.0441838152
0.0458774210
0.0382389281
0.1411528918
0.0416672306
0.0452554801
0.0263045199
0.0382583644
0.0000000000
991.0000000000
0.0405182781
0.0424408943
0.0416091690
0.0052887735
0.0511262145
0.0595494655
0.0719859981
0.0425597309
0.0479967496
0.0607732418
0.0440287838
0.0204229052
0.0383499291
183.0000000000
0.0492876625
0.0518445946
0.0560387249
0.0511754394
0.0504892563
0.0383722475
0.0474959006
0.0563013130
959.0000000000
0.0529314342
0.0522540020
0.0591406861
0.0580695625
0.0549277640
0.0531997867
0.0421272235
0.0754066764
0.0575197068
0.0567617590
0.0389674561
0.0000000000
0.0579706237
0.0459573879
0.0712333126
0.0805608204
0.0494805356
0.0632390918
0.0671941320
0.0418815339
0.0671062189
0.0598493455
0.0661177220
0.0441591784
0.0736663667
0.0605838360
0.0495131749
0.0770173090
0.0559498807
0.0714049730
0.0443143813
0.0611034371
0.0513156371
0.0650736123
529.0000000000
0.0616198549
391.0000000000
0.0474513095
0.0665508983
789.0000000000
692.0000000000
0.0779074559
0.0445434298
0.0691077152
473.0000000000
0.0855907481
0.0710408620
0.0689673925
0.0825460934
0.0753758702
0.0813073490
145.0000000000
0.0771249411
0.0720635465
0.0777933182
0.1002790139
0.1069060088
0.0997011876
0.0480436662
0.0704726727
0.0888484220
0.0879582935
0.0728794325
0.0767143003
569.0000000000
0.0867498313
0.0870451762
0.0845276940
0.0709053626
0.0599860959
0.0908624716
0.0868412554
0.0713046004
0.0869248467
0.0851771494
920.0000000000
0.0396363743
0.0789042788
0.0924694881
0.0927858518
0.0918967560
0.3063277734
0.0783608418
0.0850276451
0.1103615366
0.1314427998
0.0961299216
0.0990031615
0.1752155579
0.0856760963
0.0933664627
0.0980546547
0.0967384916
0.1057431428
0.1299817827
0.0962319557
0.1068403807
0.1264754028
0.0903025240
0.1027713343
0.1040280127
50.0000000000
0.0930735626
0.1461921855
0.0890522931
0.1245889716
0.1124212982
0.1108207273
0.1269597472
0.1831046312
0.1249873181
0.1137348617
0.1504749038
0.1434525993
0.1041043639
0.1702344699
0.1114565449
0.1278596921
0.0918126475
0.1025646251
0.0636196547
0.1072565089
0.1601471287
0.1354606822
0.1155235490
473.0000000000
0.1343407480
0.1168033516
0.1248304532
0.1731706265
0.1428219810
0.1219297652
0.1088607595
0.1113168438
0.1141324795
0.1554966532
0.1235878365
0.0810984714
0.1226633805
0.1159604473
0.1212154514
0.1217210874
0.1096576613
6.0000000000
0.1088278971
0.1198125353
0.1209280525
0.1406048891
0.1476441332
0.1022320408
719.0000000000
0.1206318831
0.1546860457
0.1212003642
0.1341007085
0.1244315275
0.1313793176
0.1351031091
0.1149569892
0.1343562375
506.0000000000
0.1213100002
461.0000000000
0.1249729074
0.1350752092
0.1372251028
0.1301692602
0.1385409784
0.1305855709
0.1355086919
0.1582614559
0.1222115171
0.1383552329
265.0000000000
0.1604261722
0.1391094366
0.1465014252
0.1434146067
0.1464354288
0.1282202918
0.1426502490
0.1520758248
0.1409232210
0.1449020400
0.1502346445
0.1356172988
0.1382422266
0.1651082199
0.1200440529
0.1506118153
0.1701582327
0.1589569641
0.1284687008
839.0000000000
0.1727670753
244.0000000000
0.1508747733
0.1703849077
0.1546977742
0.1478172596
0.1525597270
0.1339889651
0.1522854478
289.0000000000
0.1495785938
0.1441753151
0.2164465275
0.1505718798
0.1516899628
0.1575470313
0.1559210335
0.1655114696
0.1596572719
0.1416890148
0.1629753107
0.1488983386
0.1594750773
0.1812477012
0.1573952965
0.1590809802
0.1650581487
0.1535075902
0.2676853276
0.1489065817
0.0369393140
0.1424627831
0.1942199662
0.1482276760
0.1575471651
0.1508686227
0.1412893063
0.1580569477
0.1616626834
0.1479136459
534.0000000000
0.1857986816
0.0604752378
0.1449337276
0.1771480544
0.2300962605
0.1520527573
0.1731475532
0.1518951584
0.1788531669
0.1680548942
0.1508078691
0.1666824445
529.0000000000
0.1335485765
0.1446561188
0.1641808119
0.1605231376
0.1926944410
0.1640241138
0.1651839414
0.1680863788
0.1622425792
0.1941852145
0.1692689443
312.0000000000
0.1810248281
0.1573648180
0.1455355616
0.1806567009
0.1843881124
0.1514929515
0.1502004313
0.1672403779
97.0000000000
531.0000000000
0.1815453169
0.1794536586
0.1416185140
0.1667832852
0.2084729386
0.1639926826
0.1762271608
0.1553773097
0.1635110166
0.1789874710
0.1995338305
0.2165765175
0.1671545684
0.1543668792
0.1655886278
0.1696073123
0.1724968902
0.1602740225
0.0935407248
0.1660197184
0.1927281305
0.1720148602
0.1691083836
283.0000000000
0.1800106081
0.1989275029
0.1740022940
0.2008304876
0.1832720133
0.1628515016
0.2157815379
0.1847854250
0.1976625862
0.1854100756
427.0000000000
0.1828272475
0.1946055066
0.1900109660
0.1902306557
0.1882117313
0.1768708063
0.1771081267
0.2030848101
0.1868871866
0.2309414048
0.2028232082
0.1935284766
0.1956814653
0.2394375633
0.2195123368
0.2114416599
0.2036198859
0.2024886654
0.1749551204
0.1855321013
0.2071624509
0.1957815572
0.2047294343
250.0000000000
0.1871758409
0.2043264897
0.2019086697
0.1948313954
0.1839145971
0.2034234664
0.2300766058
0.2047361196
0.2264442698
0.1828718693
0.2076661043
0.1816246430
0.2040263275
0.1841347799
0.1887023285
597.0000000000
0.1920755566
0.1883763572
0.2115532670
0.2012448530
0.2141498159
0.2108107258
0.2157077172
0.2055707748
0.2131916759
0.2050775179
0.0726625575
0.2070714924
0.2067486979
0.2068568964
0.2184207869
0.1916579945
0.2128642000
0.1760994244
0.2082215846
0.2180618259
0.2158981266
0.0000000000
0.2385554780
0.2242889516
0.2230787383
0.2100282404
0.2106005862
37.0000000000
0.2087054231
574.0000000000
0.1945423396
0.2310678127
0.1930466132
0.2103991592
598.0000000000
274.0000000000
0.2416845402
593.0000000000
0.2210596151
0.2307515459
0.2375869531
0.2481502858
0.2100888768
0.2441959069
773.0000000000
0.2312016787
0.2248127091
0.2337201685
0.2369263729
0.2448252122
0.2322481839
613.0000000000
0.2443601297
0.2649387737
336.0000000000
0.2378941032
0.5546935609
0.2514006617
189.0000000000
0.2161676546
0.2367430198
665.0000000000
0.2321922150
0.2398211153
0.2359395429
0.2500029432
0.2590657147
851.0000000000
0.2436263944
0.2378048463
0.2543467570
0.2479856582
0.2511374479
0.2559519055
0.2456131527
0.2294380563
0.2598007527
0.2559406906
0.2297602064
0.2446989040
0.2603209737
0.2386158098
0.2660915671
0.2533475103
760.0000000000
0.2462553820
0.2623771796
0.2570677755
865.0000000000
0.2559515294
0.2671159591
0.2706823147
0.2580932753
0.2647588582
0.2713914683
0.2916933274
0.2596240712
0.2815458521
0.2380396641
0.2621694574
0.2575349520
0.2601749542
0.2484714836
0.2595463875
0.2472156006
0.2567006462
0.2728580971
0.2668209383
0.2787577864
0.2739774891
485.0000000000
0.2565995234
0.2500295125
0.2858048311
0.2653531832
0.2671611208
0.2829042942
0.2703146665
556.0000000000
0.2791677582
31.0000000000
0.2702576917
0.3503991377
0.2603810795
0.3063013483
0.2718360881
0.2794982102
0.2904421160
0.2581019879
0.2655205924
0.1922959805
0.2839655823
0.3035528003
0.2817522555
0.2749011279
0.2781711234
0.0453557005
0.2956676206
0.2752072885
0.2895518367
0.2807988852
0.2614559581
0.2700988903
0.2672474265
0.3233591961
0.2820757827
0.2751968959
0.3215988684
0.2812453632
0.2849151638
0.3108773269
0.2914692597
0.2763788900
0.2867701693
0.2871914621
0.2720521185
0.2818270243
0.2936291880
284.0000000000
0.2823761662
0.2865140858
0.2970069765
0.2882307786
0.2815750947
0.2865533391
0.3160632570
0.2918635592
0.2092656963
0.2971988494
0.2971279485
0.2911158210
0.2901902460
0.3050180049
0.3078861872
499.0000000000
0.2692648361
0.3052051112
0.3012298641
0.4022224289
0.3094871073
0.2916150692
0.3008258795
0.3006617270
331.0000000000
0.2624735655
0.2781421599
0.3025542636
0.3063151744
0.3476323819
211.0000000000
0.3062200106
0.3444473191
0.3040005187
0.3118480792
0.2933667325
0.3182192174
0.3165447239
0.3082652643
0.3060670329
0.3025925469
0.3158641168
0.3076777848
0.3135805077
0.3121440665
0.3174559764
0.3283637201
0.3129552157
0.3165273221
15.0000000000
812.0000000000
0.3217445001
0.2989952200
0.3204289488
0.3076695998
0.3157658712
0.3635304123
0.3207623241
0.3544019333
0.3246058200
0.3195807324
0.3157653529
0.3220782936
0.3226378084
0.3142114129
0.2957084762
0.3358797998
0.3249927880
0.3183693028
0.3244053585
0.3197087589
0.3165992418
0.3254845061
0.3306984265
0.3200447194
0.3427609595
0.2718292797
0.3112001100
0.3214128349
0.3231567157
0.3226906187
0.2683498130
725.0000000000
0.3106575579
0.3351952060
0.3238979131
950.0000000000
0.3992602686
0.3265053238
0.3220007324
0.3275584693
0.3325559151
0.3182878960
0.3211639719
91.0000000000
0.3337838121
0.3260247517
418.0000000000
0.3261363013
0.3423111506
0.3347816089
0.3234902914
569.0000000000
0.3380173223
0.3009322001
0.6725587411
0.2918656536
0.3427048589
744.0000000000
0.3292056717
0.3194285714
0.3297118330
177.0000000000
0.3368007772
0.3290173137
0.3432073315
0.7020068156
0.3337781018
0.3402785043
0.3473138318
0.3513314597
0.3442301137
0.3478227795
0.3097540660
0.3727646415
119.0000000000
0.3321352994
264.0000000000
233.0000000000
966.0000000000
0.3399264057
0.3622755887
0.3489874167
0.4258951131
0.3447354386
0.3393861721
0.2421552048
0.3369066735
0.3481935922
0.3514784918
0.3561975170
0.3519086431
0.3595377873
0.3517185229
0.3410245469
0.3377561954
0.3541349543
0.3611402983
0.3583311088
0.3478210858
0.3590622417
0.3478466509
0.3537544559
0.3570500111
0.3523793361
0.4581250000
0.3615581585
125.0000000000
0.3642159426
0.3949385122
0.3476340723
705.0000000000
0.3434151819
0.3602711500
0.4412817890
0.3641694836
0.3349167561
0.3319613569
0.3680162754
0.3666510417
0.3619532664
0.3775544036
0.3670943500
0.3644422256
0.3436891418
0.3574174732
0.3787278652
0.3602457828
0.5606097266
0.3549376932
10.0000000000
0.3157298020
0.4799008092
0.3972295770
0.3708351642
0.0000000000
0.3792582135
0.3692667495
0.3703743872
0.3712105957
0.3791538933
0.3698507660
0.3708031851
0.3726671748
0.3898121410
0.3810078980
0.3556288116
0.3366189112
0.3517181966
0.3827608945
0.3582708378
0.3201613626
0.3332018503
0.3814113589
0.3730572553
0.3823275733
0.3629207718
0.3807608738
0.3769520225
0.3959786211
0.3763222708
0.3853259053
0.3567144825
0.3714153693
0.0000000000
0.4076095689
0.3151926731
0.4097250887
0.3859161518
0.3786815474
0.3713892797
0.3972041007
109.0000000000
0.3814469284
0.3824191804
0.3798691984
0.4125111153
0.2363747704
0.3832567754
0.3569930489
0.3746723855
0.3520622731
0.3809717689
0.4406743897
0.3740330083
0.3179077893
0.3946721636
0.3685399681
0.3792181286
0.3901660975
0.3843620470
0.3989160721
0.3871930371
0.3791724216
0.3863971023
0.3932067714
0.4391932620
0.4190921176
0.3904139167
0.3810010343
0.4025066232
567.0000000000
0.4593915808
0.4233858511
32.0000000000
0.3829606950
0.3956009626
0.4330421125
0.3799359658
0.3849287401
0.3894817977
0.3906078360
0.2570701781
154.0000000000
0.3977366067
0.3981913586
0.3959665265
0.4003967133
0.3540294835
0.4109545256
0.4061219555
0.3428991199
0.3349575586
0.3110623300
0.3992980375
0.3968922688
0.4237819251
0.3394252874
0.3761602024
58.0000000000
0.3902209843
0.4073735151
0.4063608426
0.4299814598
0.4027416711
0.4553903075
0.3983992371
0.4132379518
0.4125544782
0.4078325511
0.2766575458
0.4195149333
0.3906031182
0.4642457654
0.4061016480
0.4194436433
0.4141347992
0.3768836676
0.4116156020
0.3241104556
0.4123174514
0.4089715082
541.0000000000
573.0000000000
0.3672485254
0.4037466703
0.4094869458
0.4086382032
0.4373503430
0.4473807243
0.4403303638
0.4202739168
0.3726680265
0.3712974304
0.4186561429
0.3204789364
0.4013973911
0.4441165859
0.3752093423
0.4227281334
0.4228933812
0.2502490867
0.4137579146
0.4378005538
0.4215891875
0.4254341451
0.4334381579
0.3678915542
0.4593151810
0.3854492607
0.4353804809
0.5235541855
0.4431324193
0.4323215751
0.4568900626
0.4381196005
0.4152108342
0.4339550967
0.4235092690
0.5307477430
0.7961350027
0.4333961095
0.0000000000
0.4099845680
0.4274210059
0.4230752062
0.4731849297
0.3901963210
0.4567399618
0.4458026302
0.4292257062
0.4272740616
0.4150006204
0.4132441299
0.4304312294
0.4283643385
0.4336994533
0.4342136590
0.4555949939
0.4411653353
0.4289690601
0.4191390265
0.4645739999
0.4094889452
0.4540484307
0.4373666796
0.4438980588
0.6113108076
0.4474193544
0.4439169737
0.4526425483
386.0000000000
0.4840841904
0.4414598764
0.4460296643
0.4545519854
0.4868482591
0.4429168398
0.4360844168
0.4117373895
0.4627952984
0.4526530364
245.0000000000
0.4511647208
0.4597263854
0.4226485852
0.4530633856
0.5434825017
0.4535177449
0.4431748093
0.4734941240
0.4859771565
0.4101444007
0.4586812217
0.3872437697
0.4648427264
0.6104929896
0.4797641140
0.4717539056
0.4953148411
0.4762360432
0.4699167633
0.4597595465
0.4753318628
0.4740700187
0.4607221875
0.5309335095
0.4727908059
0.4773887865
0.5268525969
0.4241989229
0.4880200922
0.5169520242
0.4487225044
0.4907179280
0.4413591279
0.5934390820
0.4124041218
35.0000000000
0.5178860185
0.4979743449
0.5261276542
0.4979966170
0.4515263025
0.4471219364
0.4691787619
0.4064615319
0.3851235402
0.5271347249
0.4567121890
0.5378948282
0.4144136901
0.5867675708
0.4883453584
0.4838597583
0.5158715230
0.5365562831
0.4716425176
