0.0000000000
0.0000000000
0.0065649534
0.0096925152
0.0022186250
0.0032982815
0.0119984254
0.0028302248
0.0056498942
0.0055921036
0.0061231563
0.0060484134
0.0123385462
0.0123495634
927.0043767353
0.0291452465
0.0160186056
0.0288591057
0.0150382664
0.0083226739
0.0169503184
0.0162822066
0.0094249059
0.0163736798
0.0207217809
0.0078928894
0.0056570235
470.0062505430
0.0238337714
0.0247638794
0.0294756265
585.0000000000
228.0155754985
0.0249694244
0.0258598939
0.0288412012
0.0194991546
0.0257887903
0.0132669095
0.0245044694
270.0188658735
0.0278223541
0.0313527718
0.0308298269
0.0243123436
0.0202464424
0.0357133843
0.0382900487
0.0225167913
0.0280269952
0.0214973214
0.0385613996
0.0403361467
0.0442632874
0.0489221714
0.0493180832
0.0400071952
0.0235072523
311.0211077498
0.0403337566
0.0352231166
0.0522182393
0.0476785722
0.0388264679
0.0545062732
541.0039665856
0.0525969000
0.0466542192
72.0397805867
0.0425976838
0.0592018838
0.0510008394
0.0561148347
0.0478651915
0.0547498795
0.0588349467
0.0581589621
0.0678651709
0.0608555872
0.0793765929
0.0507704982
0.0609229520
0.0553004780
0.0639102183
0.0423373851
364.0342294687
0.0440201229
0.0632810601
0.0508177116
0.0741267562
0.0768124317
0.0540449845
0.0719092614
0.0664808595
0.0817786773
0.0853112730
0.0836664547
0.0954884752
0.0803038867
0.0988150353
0.0983479809
0.1086625154
0.0821896893
77.0439140953
0.0940695963
370.0633450419
0.0866014073
0.0456220808
0.0754612327
261.0585691814
655.0390798828
74.0580860359
98.0475825468
592.0535366099
0.1351302080
0.1030701189
0.1035447961
0.1104896256
0.1030857054
0.1083962138
0.1117915962
0.1114141441
181.0456454851
0.0950190562
941.0601924926
760.0533708782
0.1176656959
0.1094088908
0.1085515596
0.1167842614
0.0940466241
0.0970475287
49.0571818571
0.0990695512
0.1367277013
0.0906825566
0.1391265770
0.1260575241
987.0709139166
433.0713508021
0.1405865035
0.1257655222
0.1446472512
0.1369950879
967.0560900695
312.0759209859
0.1495615567
0.1790187787
0.1385855218
0.1498689089
154.1144387525
0.1596095264
0.1387357278
0.1186548269
864.0582322077
0.1561225161
0.1872822786
0.1490003893
0.1632623017
277.0426185531
0.1493742656
0.1666206747
0.1696804627
0.1420524138
0.1661618043
228.0729700026
0.1697312908
0.1352235769
0.1852331373
0.1817855591
0.1291190003
0.1168669063
0.1726341571
0.1134854522
0.1450573472
507.0728045195
0.0764133445
0.1544576538
634.0686999811
0.1296812909
0.1744089548
0.1729440747
0.1516876638
926.0701330479
0.1713802679
0.1879988633
389.0823774691
0.2009468575
0.1406454816
0.2198505604
0.1568875599
0.1929371753
921.0820111090
0.1959878515
0.1618474937
0.1689462245
0.1994602473
0.2083356821
0.2074609692
0.1928014847
202.0911849408
948.0000000000
0.1945250747
0.1936574828
0.1707509082
0.1792868502
0.2138543762
0.2040916590
0.2035486024
0.1955521180
0.0770594842
0.2129516727
0.2029107914
0.2204195416
0.2049618662
0.2094982853
0.1603135181
0.2135249217
0.2068911067
0.3067360514
0.2332455261
0.2603698248
0.1438017377
0.2068677976
0.1979023345
0.2142238527
0.2321893465
0.2494655754
0.2786245283
0.1807470589
0.2284612130
0.2414756789
0.2084231418
0.2097342842
0.2464762381
0.2461406346
0.2467023872
0.2241289497
0.2276582302
0.2446558105
0.2778332650
0.2318240190
44.1137856314
0.2530919701
0.1849298949
840.1207012596
0.1341378551
0.2291699052
0.2307288602
0.3636740060
516.1287016356
0.1562656049
0.2783915619
0.2327570326
0.2390892943
0.2094402888
0.2861022299
967.1270396720
0.3143742565
904.1160521415
0.3051487483
0.2495867734
0.2067552137
0.2073204598
0.2462064271
0.1712411832
0.2602364579
0.2667530046
0.2797780140
74.1404601518
0.2392777241
339.1273160595
0.2672996378
0.2596201866
0.1310816212
0.2765912619
0.2155997110
0.2673527695
0.2871149247
0.2416793247
0.2632804241
0.2766812673
0.2961804871
0.2475766959
0.2820550739
0.2885880726
0.2485684158
0.3180597137
46.1424474873
928.1500189322
0.2808562224
0.2898124782
0.2844729274
0.2731527986
0.2805442311
0.2541201593
0.2741140042
0.2713335151
550.1493678016
0.2698837935
0.2811950437
0.2966518173
0.2887497715
0.3092769700
635.1228449760
0.3081886715
60.1682046672
0.2936592312
0.3702920743
0.3060669156
0.3065249628
0.3298948466
39.1479201974
0.3052956734
0.3574529877
0.3009900945
0.3645008918
0.2898681372
0.3118931210
0.2926857592
422.1733994709
0.3693219230
0.3148773971
0.3613324962
737.1418242022
0.3911720816
0.3432693556
955.1686501916
765.1724225338
0.2934436425
0.3408493801
0.1891488560
0.3450395868
0.2270242990
0.1562258745
0.3135679380
0.3310636466
0.3193987080
0.3260486826
0.3382373240
0.3567743372
0.2966707176
0.3377181078
0.3437022678
0.3244911384
0.3103998754
0.3177151877
0.3106775040
728.1601326355
0.3600946447
0.3332592590
0.2299666204
0.2017587917
176.1506494804
0.3285040373
0.3343444873
0.3234488602
0.3355857738
0.3391046370
0.3513508858
0.3351235893
0.3873416641
0.3320936762
0.3605414152
0.3521583058
0.4340463588
0.3593345800
0.3669401868
703.1933724342
0.2080265511
0.3772861480
0.3695373703
132.2029068503
0.3035502737
0.3297493084
0.3705581870
0.3381394604
0.3730965902
0.3881254024
0.4670743382
795.2031472889
0.2152316359
650.2319548412
0.3222073084
0.3205209165
906.1730192740
0.3965138423
769.1709386498
0.2254809254
0.3679921661
0.3855870312
0.3371527732
0.3341265586
0.4354183768
0.3693679092
0.3637888903
0.4157230573
0.3892328122
172.1639314471
0.3915024046
0.5178056270
0.3884330844
0.3923003222
0.3747790016
0.3921073406
0.3238306243
0.3471099084
0.3904846444
0.3938636408
0.3754817466
0.3150491048
0.3607735478
662.2147338290
0.3923517558
0.4159707971
0.3966771150
0.3801371761
0.3690436343
390.1762756561
0.3967033890
0.4002730539
465.1735789006
0.4083413313
0.3517994867
0.4167570789
0.3770367363
0.2234750128
0.4274279083
0.4190046183
0.2917977675
0.4931029704
0.3900381257
0.3875414045
0.4099712263
0.4433119157
205.2214880037
0.4353357295
0.4315534290
0.3988233526
0.4410648768
0.4398278765
0.4123443878
0.4158965847
0.4279849495
0.2967687611
0.3809368267
0.4636840415
0.4376998770
0.4257255497
682.1908662707
0.4256012525
0.4394313131
0.4483633503
0.3935289361
0.4360169899
0.4321238211
0.4662015780
0.3949406292
0.4645936541
0.4143034284
0.3137530131
0.4513408447
0.4488180314
0.4448750805
0.4309463261
0.4344407267
0.4206397220
0.4481734742
0.3202335800
0.4705220129
0.4706944035
0.4233316621
0.4643387371
0.4432688118
0.4159242075
0.4425416128
0.5247398118
0.4850848865
0.4040985962
0.3098448116
0.3954792406
0.4420559304
0.4161102113
0.4481852575
0.4864879930
0.4539338636
0.4693371103
0.4473120145
0.5189547534
206.2730551262
0.4413362603
0.4854832668
0.4835258923
0.4159841006
0.4716020487
0.5051127880
0.4555689870
0.4846445015
0.4975998939
0.4971304456
0.4841772971
0.4682536020
0.4920080460
0.4502578883
0.2623958463
0.4742525558
0.4862315339
0.4754829180
0.5587651291
0.5052840895
471.2507913459
289.2118479031
0.5617320599
0.5668141837
0.3518448699
0.4743467440
0.4811383510
0.6768538750
0.5112591384
442.2545104373
0.5036964400
0.5596732559
0.5124378950
0.6367518081
0.5324068503
0.6774233414
0.5070491963
0.5187931391
0.5055639060
0.5628890228
0.5316233109
0.4997766834
649.3016452288
0.2895408720
0.5639291477
0.5156640457
0.4641921564
0.5275034007
0.6465235571
0.5131051006
0.5432475755
0.5018212234
0.5829955626
0.5211650109
0.5152105576
0.5263598742
0.5387689575
0.5450803893
0.5551785770
0.4509134483
0.5129907335
0.5195223111
0.5261971687
0.5691583456
0.5116335806
0.5598740626
0.5016761564
946.3187742980
0.6440653949
0.5167993490
0.4824643358
0.5179402306
0.5082580624
42.1851961950
0.5456009821
0.5422793144
206.2544784435
0.5673333533
0.5312500310
0.4548124179
0.5732019257
396.2648766019
0.5411472391
228.2526455211
0.5632858370
0.5781047972
0.5808319834
0.5625713724
0.5473335410
0.4384089178
0.5446306800
1.0775428653
0.5771862156
695.2438676825
0.5782625580
0.5606642016
0.6234439569
654.2449324970
0.5764346171
0.5840832065
0.5629373319
0.5826572227
0.5649079837
0.6157406876
163.3048475070
748.3169440389
0.5729348432
0.5761226433
0.5465976646
0.3853245121
0.4967149883
0.5984357780
0.5691426119
940.2991190043
0.5892131467
0.5182111049
0.5676490631
0.5288889946
0.5042411896
989.2430102566
0.5825845330
0.3219631893
0.5765878744
299.3339641341
417.2092828708
0.5962941816
807.2476050851
0.6341398405
0.5746187166
0.7873549234
1.1177375434
0.4821532027
1.5177987987
0.5166088314
0.6175892447
0.6074244420
0.6577848506
0.6028741646
0.5960627317
0.5877823272
0.5352656468
939.2688742478
0.6122453248
0.5964847328
0.5984042539
0.6070716072
0.6118997450
0.5957718088
0.6199761730
0.5792453908
0.6181536315
0.5096751646
0.5489124925
0.6343998509
0.6284413150
0.7547183068
0.6072855784
0.5850807337
0.5991561537
0.5244932361
0.5985643641
0.6221086258
186.3173969468
0.6188824775
0.6119377520
0.6517128912
0.6278432111
0.6038885682
0.4283195351
0.6074456324
0.6409040628
144.3412217635
0.6455253440
397.3408939131
0.6466274464
0.6431632507
0.6460489701
0.6729988489
0.6589909412
0.6376133255
0.6553100939
0.6518816018
0.6452436331
0.6354607116
16.3477374599
0.6490877872
0.6249282212
219.3334882064
0.6318720826
0.6627658915
0.7389936601
0.6642125450
0.6780804005
0.6214511088
0.6260051595
0.6116488573
0.6234341389
0.6678097627
664.3622213006
0.6639233554
0.6526347553
0.6743867878
0.6745974780
0.7347974867
0.6532531287
0.6775559085
0.6871407960
0.7504125211
0.6576179123
0.6464111148
0.6676325983
0.6679384487
