0.0000000000
0.0000000000
0.0000000000
543.0000000000
0.0000000000
0.0020481167
0.0000000000
508.0000000000
0.0072539408
0.0051318495
0.0121915283
369.0000000000
0.0035923597
296.0000000000
0.0118595140
0.0000000000
0.0099486590
0.0105370461
0.0117552002
0.0091079593
0.0114267371
217.0000000000
0.0000000000
289.0000000000
0.0117731286
0.0132866024
0.0177263261
0.0175931576
0.0133912255
0.0238566882
0.0317404837
0.0192317229
0.0171036062
0.0149116348
0.0000000000
0.0155510392
0.0146876655
0.0000000000
0.0163797823
794.0000000000
0.0147534753
353.0000000000
0.0168446958
0.0079035711
0.0234812793
405.0000000000
0.0200376634
0.0120637736
0.0000000000
0.0207599234
0.0239232078
0.0272431997
0.0256548390
0.0187318846
0.0247649709
0.0237704863
0.0145736933
0.0269065901
0.0127282129
844.0000000000
0.0286493637
0.0254893764
0.0404397107
0.0286214197
0.0212271793
0.0248984336
0.0318817646
0.0249862257
0.0223945601
0.0194576093
0.0326988594
718.0000000000
0.0325211429
0.0286704004
0.0395314553
0.0307785511
0.0363120379
0.0335163139
0.0286420150
0.0301234064
0.0400464014
0.0268170752
0.0406514083
0.0370227956
0.0965171192
0.0000000000
0.0361205533
0.0218322353
0.0260168707
0.0420894626
0.0661672576
0.0405095517
0.0500660422
0.0446580091
0.0454786084
0.0490430374
0.0566453088
253.0000000000
0.0316148465
0.0611751217
0.0128925620
0.0256339327
0.0575582641
0.0535366995
0.0656652624
0.0548780231
0.0592117726
0.0403019311
0.0549412778
0.0525481259
0.0593926764
0.0616082336
0.0569397463
0.0016020236
0.0727089660
294.0000000000
0.0684092626
0.0366397934
0.0387448322
0.0567462425
0.0556694371
0.0484808519
0.0638687178
0.0775870477
0.0586098404
0.0606649239
0.0709672071
320.0000000000
0.0661898156
725.0000000000
0.0625800392
0.0595489974
0.0711595710
0.0472984762
0.0684820072
0.0649397875
0.0680351516
0.0741817941
0.0677876149
0.0702419676
0.0700381964
0.0592790035
552.0000000000
0.0713095477
0.0683853005
0.0736585743
0.0750287014
0.0758849420
0.0584747654
0.0831535742
0.0652754791
0.0775720863
0.0820252135
0.0823006096
0.0827934442
0.0747006582
0.0753483909
0.0298532973
0.0795952069
0.0766990127
0.2007646628
0.0842094467
0.0905008694
0.0572653777
0.0954518421
0.0861714123
0.1100528023
0.0886206647
0.0944461458
0.0904321358
0.0866226278
0.0969733045
0.0852184731
0.0908368566
0.0856144854
0.0926305053
0.0874239578
0.1069759280
0.1228128688
0.0000000000
0.0898557682
0.0897216887
0.0762056103
0.0992817071
0.1030835816
0.0963620225
0.0876323781
0.0991148412
0.0941127669
0.0906384842
0.0997205841
0.0921588116
0.0944836575
0.0908271341
0.0968892094
0.0991425305
0.0747029242
0.0511513009
0.1026652754
0.0938601860
0.0050629249
0.0955360207
0.0940035973
0.0958771578
0.0927432155
0.1014320276
0.1008067410
0.0953586644
0.0921967653
0.0941184787
0.0961042587
0.0957095858
0.0960117252
0.1081054103
0.0973037177
0.0930234338
0.0986441806
0.0851488046
0.0958817158
0.1019279033
23.0000000000
0.1141210857
0.1099398690
0.1037426502
0.1190591089
0.1013376883
0.0900565677
0.1037845262
0.1058787613
0.1044855287
195.0000000000
0.0981701143
0.1128143614
0.1063933549
0.0956792706
0.0974759980
0.1111805122
0.1029339905
122.0000000000
683.0000000000
998.0000000000
0.1068317237
0.1123486575
621.0000000000
0.1201166327
947.0000000000
0.1107687737
0.1154557464
0.0935957364
0.1137422384
0.1009569919
0.1135186810
0.1109464453
0.1113061723
0.1038226547
859.0000000000
0.1039809298
0.1212967519
0.1143263026
0.1130956238
0.1208610805
164.0000000000
0.1365602632
0.1168676779
0.1588349291
0.1177967351
0.1252864484
0.1185207138
0.1208328830
0.1452200860
0.1560494073
346.0000000000
134.0000000000
0.1281019983
0.1400979723
0.1323485472
0.1127768056
0.1231878708
0.1216480388
0.1301401427
0.1353591042
0.1266545329
0.1335671116
0.2790410282
553.0000000000
0.1041351858
0.2362755651
0.1527493558
0.1093429090
0.1375087181
0.1068428567
0.1262001209
0.1617641628
0.1287849011
0.1347205724
0.1404838743
0.1257811275
0.1230999451
0.1508255486
0.1379914984
0.1281797025
0.1073580341
0.1254652805
230.0000000000
848.0000000000
0.1515583968
0.1259083039
0.1512667394
0.0000000000
0.1546509141
0.1572744302
0.1431576441
53.0000000000
0.1388413864
0.1375936927
0.1363286434
0.1183119391
82.0000000000
0.1459435017
0.1583920066
0.1526937990
0.1286486884
0.1422732026
0.1380963191
0.1488550590
0.1532285581
0.1520745138
0.1475490737
0.1346037754
0.1493556530
0.1407053750
0.1305685661
105.0000000000
0.1529646644
0.1480326570
0.1641076092
0.1549390825
0.1236304015
0.1537841102
0.1450261728
0.1446085708
919.0000000000
0.1608051828
0.1230666695
0.1554813900
790.0000000000
0.1630876425
0.1702668361
0.1662059063
299.0000000000
0.1386533614
0.1481906029
0.2149622997
204.0000000000
0.1485095884
496.0000000000
0.1732283465
919.0000000000
0.2377921325
0.1703933519
0.1737373364
0.1747762884
0.1574187183
0.1529961257
0.1673241369
0.1337117243
0.1806530031
0.1739649973
0.1701652894
0.1720799293
0.1612889171
0.1639466636
308.0000000000
129.0000000000
0.1641638844
0.1723833799
0.2436143660
0.1696788043
0.1722229787
0.1840291051
597.0000000000
0.1711900592
0.1447180074
0.2027297848
0.1727779226
0.1797454931
523.0000000000
0.2147342871
0.1829697754
0.1618583706
0.1491565190
0.2540337711
0.1857630200
0.1400172415
0.1550251828
452.0000000000
0.1606773071
0.1909373267
0.1736024841
0.1662279173
0.1769321639
0.1822072868
0.2139266212
0.1704034482
0.1910697631
0.1919473663
0.1769194340
0.1590043425
0.2598187311
0.1850748774
0.4469717731
0.2295122325
0.1924560321
0.2167473881
0.1967238476
0.0000000000
0.1847176646
0.1849206141
0.1923592607
0.1838852504
0.1834251265
0.1851621838
0.1831867735
0.1825380665
0.2001042008
0.1423761612
0.2004584915
575.0000000000
0.1049764189
0.1611271585
0.1884247590
0.2016424608
0.1905608981
0.1978195439
0.1877233073
0.1786763733
0.2276822057
0.2219318230
0.2046937905
0.2543092873
0.2412345071
0.1967096856
0.2171181003
0.1536638257
0.1819768654
0.1928104483
0.2016647329
0.1933360952
0.2304049901
670.0000000000
0.1961224344
0.2088519270
0.1951243794
0.2004542861
0.2183597598
0.2269644528
0.1889217345
0.2131064945
496.0000000000
0.1953631801
0.2081346707
0.1635647970
0.2128382011
0.1952101313
0.1947790466
0.2227954571
0.1651343458
0.2066850460
0.1743561734
0.1874645474
0.2180400878
0.2190892660
0.1660426703
0.2185114553
0.1670599138
0.2372551161
0.1869280366
0.2764285745
0.1962752765
0.1726839041
0.1873642943
0.2260812236
0.2624289095
0.2072603086
0.2164072775
0.2313245675
0.2222869591
0.1992499519
0.2137562375
0.2344318731
0.2277170111
0.2435471918
0.2178256180
0.2133854553
0.2741616726
0.2271033181
541.0000000000
0.2276671029
0.2416830642
0.2326168634
0.2029219654
0.2384425991
0.2233421465
964.0000000000
0.3171839778
0.2505354692
0.1695883819
0.2090336499
0.2353303969
0.2315240586
0.2392006459
0.3428903681
0.2825035934
0.2422322236
0.1977946701
0.2937965814
0.2295335893
0.2416820116
0.2114692912
0.2367306320
0.2361204152
0.2430150255
0.2288212829
0.3115563951
0.1476013315
0.2376360929
0.2659390195
303.0000000000
0.2191617889
98.0000000000
0.2661424289
0.2839137802
0.2376546249
0.2277225723
0.2077441483
0.2156692608
0.1121678837
0.1328575567
0.2269728298
0.3040882210
0.2111231228
0.2886442162
0.1808028728
0.2097451743
0.2147077272
0.2534477529
0.2340352834
756.0000000000
0.2580929202
0.2421769027
0.2858655820
0.1820764258
0.2852799209
0.3123530695
0.2552631579
0.2864947717
0.2475190614
0.2114400394
0.2378298801
0.3661953218
0.2100745020
0.2576501127
0.2532219334
0.2075532453
0.2553024506
0.1949780143
0.2769734418
0.2950140727
0.1677811083
0.2553955659
0.2565731224
780.0000000000
0.2085053136
0.1832069990
0.2502080847
932.0000000000
0.2607243281
0.2727549658
0.2309613719
0.2167713239
0.3017134795
0.2210989113
0.2471719512
478.0000000000
0.1888314855
936.0000000000
0.2805223859
0.2105571549
0.2897808047
0.2705429227
353.0000000000
0.1855022586
0.2072051524
0.2645491256
0.2550701488
0.2596602977
0.2703559584
0.1913914901
0.2812663823
0.2338772339
0.2692251460
0.2287670601
0.3286873413
0.1622536864
0.3308793826
693.0000000000
0.2687011127
0.2724698972
0.2598150137
0.2681768787
0.3068255360
0.2599317919
0.2642587792
0.2706201645
0.1996351595
0.2877518422
0.2534509984
928.0000000000
0.2679891265
0.2755112026
0.2325206197
0.3430513681
0.2616729746
0.2322578438
0.2885043773
0.2983431675
0.3066232236
0.2153913468
0.2085236309
0.3390718008
0.3180770406
0.2800592121
342.0000000000
0.2995072685
0.3344085937
51.0000000000
0.2970478072
0.2894731503
0.0000000000
0.2589615702
0.3004240748
0.2919718592
0.2651264043
0.3140484274
830.0000000000
0.2717364478
0.3051243830
0.2960176310
0.3038559133
0.2584476907
0.3048293339
0.3249187131
0.2547712725
0.2980130770
0.2779823225
0.2799651475
0.3185354919
0.2953887915
0.2034154986
0.2966813695
0.2694695026
0.2864027709
0.3054512955
0.2855862658
0.2950539580
0.2734238973
0.4647707831
0.3176924478
0.2710302426
0.2994807575
0.3211616082
0.3433988612
0.3028431091
0.2885450327
0.4143192488
0.3671867728
0.2815767166
0.3921942364
0.3126985886
908.0000000000
0.3037975172
0.3160802968
0.3183091139
0.3138001793
0.3222937158
0.1526171637
738.0000000000
514.0000000000
0.3113459824
0.2702879154
0.3080962053
0.3062403655
0.3100031838
0.3201320265
0.2586314532
0.2926988422
0.3636793750
0.2847713343
0.2844444444
0.2902087600
0.3148629395
0.3264804338
0.3228749676
0.4989740720
0.3112179948
0.5866154339
0.2872202238
407.0000000000
0.3929897886
0.3336880047
0.3359535448
0.3683237616
0.3348796704
0.3251014808
0.2855631264
714.0000000000
0.3222692104
0.3233992218
414.0000000000
0.3592086037
0.3709313165
0.2913668460
0.3277518307
0.3110631338
0.3249594155
0.2994313900
0.4241086032
0.2459779961
0.3152316746
0.3461800863
0.3727875426
0.3314173753
0.3016179845
0.3278651276
114.0000000000
0.2992626494
0.3632325290
0.2660443845
0.3465656311
0.3534903348
719.0000000000
0.1114106020
0.5425013535
0.3638757164
245.0000000000
0.3443858752
0.3566266897
0.3062088513
0.2616764967
0.3385999882
0.3056241684
0.3683290036
0.4438043486
0.2919824561
0.3575528667
0.1324353554
0.3405906782
0.2904752989
0.3193911364
0.4210976373
0.3698491490
0.3479927815
0.3519519845
0.2712504631
260.0000000000
0.3470999653
0.3708916478
0.3545332884
0.2758160441
0.3127081926
798.0000000000
0.3450226709
0.3580678765
0.3076998182
0.3819305351
0.3458958707
0.3431109254
630.0000000000
0.3247278027
0.3181702138
0.3750834145
0.4132655028
581.0000000000
0.3693133219
0.4096659363
0.5022074306
0.4423562255
0.3817469161
0.3281523891
0.3585336309
0.3586032399
0.3139732826
0.3471791125
0.2739544733
0.3914296582
0.3836882090
0.4560783087
0.2155325444
0.3675886138
0.3816751140
0.3953239977
0.3541483968
0.3635169198
0.3239679987
76.0000000000
0.0000000000
0.3450037613
0.3956536498
0.4372928691
0.3745161655
0.3617281583
0.3879107589
0.3800559843
0.4009616383
0.5109158629
0.3747028545
0.3923409290
0.3858164572
0.4022780070
0.3727634698
0.3301206902
114.0000000000
0.3380367644
0.3607520023
0.3946086513
0.3534544628
345.0000000000
0.4142663585
0.5128009171
0.2085939310
787.0000000000
0.2873647265
0.3720148259
0.4134311569
0.3652597870
387.0000000000
0.3461974500
0.3462545972
486.0000000000
231.0000000000
0.3056552027
0.4256302958
0.4512183311
0.4664856360
782.0000000000
0.3486273969
0.3984820647
0.4014608671
0.3471344140
0.3486127915
0.3461438821
663.0000000000
0.3869019196
0.3348299299
0.4019649633
0.3594659651
0.4023738971
0.4077070199
0.3596644551
0.3967781795
0.4124917577
0.3582686736
0.3784993363
0.3931202547
0.3955363001
0.4003139919
0.5458224137
0.3658245113
0.5346651099
0.3428083932
0.3843041893
0.4161911392
0.4602958387
0.4055171053
0.4490802749
0.2201215395
0.3757293724
0.3436905271
0.3944693465
0.3107731983
0.3576713737
0.4240530368
0.4086684410
0.3840729007
0.5015429264
0.4046961704
0.4336322398
0.4363608492
0.4179981938
0.4359158579
0.3945381450
0.3559967832
671.0000000000
799.0000000000
0.4739336493
0.4128877795
0.4668599044
0.4199062777
0.3744015952
0.4516929084
0.5183973608
0.4336126099
0.4025887019
0.4242957627
0.4319663840
0.3764835031
0.4817692587
0.4476228601
0.4629646992
0.4390803880
0.3379554799
0.4308899895
0.3847257864
0.4470183654
0.6297050181
0.3986108964
0.4430025935
0.4467946865
0.4504793804
0.4290484500
0.3711512478
0.4361985966
0.4342666714
0.5100729331
0.4435088710
0.4553586339
0.4006051477
0.4330785056
0.2840998098
0.4439114810
0.4392935728
0.4575073776
0.4466074011
0.4321349571
0.4395879992
0.4099665247
0.5377906316
517.0000000000
0.1634096737
0.4415315273
864.0000000000
462.0000000000
0.5177031266
0.3830185526
0.4643398282
0.4327354631
0.4220245964
0.4305421516
0.4711605808
0.4227001074
0.2602319236
0.4237287392
246.0000000000
0.5842923071
0.5429637710
0.4203498623
0.7085509138
0.4198184500
0.4666080659
0.4937541867
0.4479247566
0.4478734291
0.4054796107
0.4183207489
0.4574309441
0.3885814987
0.4167811002
0.4907339666
0.4560056392
0.4985690902
0.4836708050
0.4565188495
0.4294345885
0.4450820941
0.4034230464
0.4504722468
0.4438071932
0.4980119133
0.4242302495
0.4778034973
0.6211982559
0.4676885492
0.5641027246
0.4606014904
0.4560358216
0.4610995550
0.4739163582
0.5289300800
0.4211046086
0.4001544394
0.4556055076
0.1667183912
0.4726043947
0.4627797042
176.0000000000
0.4359194949
0.4522225231
685.0000000000
0.4495706616
0.5625812552
0.4394052623
0.4307185011
0.5017070673
0.4401168918
0.4192886212
0.4716671028
0.5014452152
0.4201156239
0.4941218733
0.4765277884
0.4587579363
0.4092719396
0.4547556024
0.4966366019
0.3624390005
0.4271812846
0.4065998182
0.4750912816
0.4890739841
0.4375278568
0.4382782138
0.4718544687
0.4790563623
0.5917990010
0.4415747383
0.4321697627
0.5303167053
0.4164433221
339.0000000000
0.3972044635
0.5077981806
0.4937263930
0.5052090535
311.0000000000
988.0000000000
294.0000000000
0.5022940460
0.5503601834
0.4749674163
0.4597515196
0.4324579037
0.5016825835
