0.0000000000
0.0010523467
0.0000000000
0.0000000000
0.0026766301
160.0000000000
0.0043672131
0.0048885602
0.0047697759
0.0000000000
0.0002983949
507.0000000000
0.0077948754
0.0083167727
0.0083847191
0.0104668686
0.0069546271
0.0030062341
0.0059278362
0.0061075658
0.0029223560
338.0000000000
683.0000000000
0.0043267438
0.0271558196
0.0106435364
0.0110887837
0.0125593437
0.0104483691
0.0054170514
0.0086059361
0.0127715373
0.0060178758
0.0192053539
0.0107955359
0.0158339626
0.0000000000
0.0143936668
0.0145765374
0.0078115869
0.0194474869
0.0143321880
0.0053061160
0.0173226024
0.0131894540
0.0206672959
0.0172980074
579.0000000000
0.0235103251
0.0207152143
0.0155779359
0.0221274721
0.0181665690
0.0130628387
0.0095777849
0.0192828416
0.0053380546
0.0175018350
0.0544603475
0.0193977405
0.0250535652
0.0231228101
0.0194768867
759.0000000000
0.0188070845
0.0251854851
0.0231390173
0.0270537833
0.0248317317
362.0000000000
0.0219333503
353.0000000000
0.0207118983
0.0181360379
0.0258474385
0.0254678094
185.0000000000
760.0000000000
0.0251775006
0.0371652396
0.0197540818
0.0304107714
0.0208973261
0.0144872487
60.0000000000
197.0000000000
0.0227944839
0.0628923131
0.0115976005
0.0316164688
0.0321003294
0.0374050707
0.0310804552
0.0301460104
11.0000000000
0.0281501818
0.0347600708
0.0356111423
591.0000000000
0.0331120653
0.0127707717
0.0351711304
0.0594820321
0.0835932245
0.0390714895
0.0367813434
0.0335694458
0.0302096860
0.0233397164
0.0390609927
0.0396675968
0.0000000000
0.0465466441
0.0400047449
0.0367331750
0.0377544195
0.0384344147
0.0389933890
334.0000000000
0.0836432080
0.0412932948
0.0436288063
0.0408623025
0.0377827610
0.0343746651
0.0432505903
0.0427026962
0.0497662345
0.0387265121
0.0937024946
0.0466543654
0.0449918843
0.0423745473
0.0443985490
0.0389658130
0.0580836280
0.0469969380
0.0436540164
0.0498785489
0.0474638083
0.0518537911
0.0520434577
0.0501152421
0.0552186508
0.0488171257
0.0435583834
0.0614568619
0.0460161609
0.0431720700
0.0464961753
0.0491063125
0.0497873748
0.0514174804
0.0747045334
0.0369222120
0.0540796466
0.0454525630
0.0590720663
0.0531368311
0.0258634909
0.0188692530
0.0376360023
0.0535632887
0.0612350623
0.0526202862
0.0564347376
0.0586486700
0.0609491920
919.0000000000
0.0571655299
150.0000000000
0.0735886983
0.0933486856
0.0440708403
0.0587265706
0.0599937755
0.0590809474
0.1282129047
0.0622522303
0.0633616171
401.0000000000
0.0711372835
0.0631447977
0.0673930159
0.0747983588
0.0785228924
0.0678098903
0.0711998994
0.0859577230
0.0719049256
0.0683901590
0.0739805718
0.0742949581
0.0701684596
0.0669820092
0.1041291387
0.0725868100
0.0647993162
0.0586780899
0.0678642896
0.0673624465
0.0730789460
0.0774942577
379.0000000000
617.0000000000
0.0957688765
0.0816559364
0.0884195454
0.0822899679
0.0720524273
0.0843979197
0.0831161569
0.0831305802
0.0807924046
0.0777536589
0.1033364707
0.0845139145
0.0819356668
0.0679955010
0.0753029617
0.0475307376
0.0861500603
0.0869140599
0.0809990444
0.0298377120
0.0518643584
0.0990339541
0.1041490985
0.0903125516
0.1004662781
0.0841472818
0.0882361376
0.0863984822
0.0867368175
0.0788973789
0.1216746176
0.1054887783
0.0881336634
0.0913869421
0.0981237414
0.0811912182
0.0863961572
0.0842777473
0.0837767315
0.0892203610
0.0703332988
0.1245292991
0.0572804131
0.0879018428
0.0947254966
0.0901622490
0.0951284356
293.0000000000
0.1015652494
0.1047490213
0.1106924931
0.0955294017
0.0870256320
0.0860515947
0.1883336168
0.1199411983
0.1013523997
0.0978485782
0.1181292466
0.0974529202
0.1231109775
0.1107702088
0.0622042533
0.1444321076
21.0000000000
0.1025960788
0.0956113966
0.0808167381
0.0837547543
0.0992237410
0.0908488927
0.1036687684
0.0585200996
0.0885518147
0.0730143051
0.1482103915
0.1052214784
0.1027921376
0.1344681153
495.0000000000
119.0000000000
754.0000000000
0.1277620891
0.0852757331
0.1162085504
928.0000000000
0.1161923968
0.1070419211
0.1459906545
0.1085722789
0.1123505840
0.1713787632
0.0928857586
0.1214540792
0.1217057775
894.0000000000
669.0000000000
687.0000000000
0.1178995515
0.1083463500
152.0000000000
0.1511378205
0.1253418644
0.1171669724
0.1114342952
0.1185209063
0.1232186124
0.0936888949
0.1149856641
0.1509510870
55.0000000000
0.0979943369
0.1395820080
0.1293877053
0.1128963336
0.1217615770
0.0759407002
0.0918041597
0.1135221356
0.0864692861
0.1231667832
0.1063602847
468.0000000000
0.1194338206
648.0000000000
0.1061612274
0.1689103607
0.1143351481
441.0000000000
0.1524238553
0.2166694394
0.1502194576
0.1302342413
0.1180535499
0.2433768586
0.1358889457
0.1210546791
0.1303957707
93.0000000000
0.1533284503
0.1180923662
0.1084986717
0.0850334111
0.1571675969
0.1323600664
0.1277595494
0.1319476459
0.1245565088
0.1394234839
0.1374425947
0.1236624517
0.1374458326
0.1179821136
0.1444667095
0.1292606717
0.1373812267
0.1375322888
0.1631806997
0.1299803678
0.0000000000
0.1224654660
0.1369729487
0.1416979106
0.1415635020
0.1604487260
0.1421968198
0.1623432138
0.1375395086
0.1420196644
0.1370230444
0.1417485970
0.1384120536
0.1312453106
832.0000000000
0.1340166779
0.1608141808
0.1381496121
0.1453276513
0.1539514611
0.1439280554
0.1509352144
0.1460222361
0.1451465059
0.0409309791
0.1574265222
0.1474771040
0.1756151510
751.0000000000
0.1508019866
0.1547810723
0.1510225524
0.1560185046
0.1640655204
0.1678564630
646.0000000000
0.1517849945
0.1695607168
0.1499243631
0.1565884120
0.1463413126
0.1643220641
0.1560998659
0.1262852034
495.0000000000
0.1660495300
0.0434690416
0.1659092834
0.1422326227
0.1076669248
309.0000000000
0.1685898790
0.1671378074
0.0000000000
319.0000000000
257.0000000000
0.1827360074
0.1642288342
0.1884010149
0.1533175299
0.1771774046
0.1656099948
0.1680487260
0.1813402320
0.1870466949
0.1663745632
0.1486490337
0.1881575061
0.1422848559
0.1831882412
0.2113841034
738.0000000000
0.1768929274
0.1629103815
0.1959227116
0.1778188170
0.1790450788
0.1774403958
0.1337440830
0.1699135642
0.1940760728
0.1719089512
0.1843089614
0.1837555428
0.1870748576
801.0000000000
0.1718441047
0.2318104313
0.1838511859
0.1659390242
229.0000000000
0.1879204036
0.1815832390
0.2067339312
0.2335518440
0.1714651726
0.1952059717
410.0000000000
0.1962451864
0.1890914858
0.2028444580
0.0000000000
0.1843512349
0.2117021828
0.1736514387
0.1965037642
979.0000000000
0.2059950013
0.1790742820
0.1992012050
0.1805916150
0.2016338295
0.1866277733
0.2173478043
0.2033195451
0.2156556705
0.2064362552
0.2712572973
725.0000000000
0.1604419785
0.1230349033
0.2021050688
0.1548704105
0.2038461199
0.2537158383
0.1999739427
0.1976684465
0.2333769589
0.2092961813
0.2031264523
0.1952915635
0.2512200157
0.2006099941
0.1910820830
0.2224564984
0.1996513181
0.1756107001
0.2283785473
0.1855234126
0.2174439652
0.2128706118
0.2264870669
0.1683228101
0.2166816884
550.0000000000
0.2217340258
0.2214376017
0.2213474691
0.3016292889
0.2387194116
0.2510057430
0.2251284283
0.2243941584
0.2117199663
0.2034943822
0.2197044849
0.2424033100
0.1823260538
374.0000000000
0.1856389139
0.2311780890
0.2576333804
0.2243292368
0.2270113341
0.2203149970
0.2275232568
0.2236497027
0.2679789970
0.2286607740
0.2277684687
0.2015203541
387.0000000000
0.2236394003
0.2060808235
0.2558648990
0.2772679504
0.2649283826
0.2067098194
0.2426562744
636.0000000000
383.0000000000
0.2349971318
16.0000000000
0.2293965988
0.2337203182
0.2386225879
0.2224505635
0.2659912824
0.2471833127
0.2340506438
0.2653359710
0.6346346346
0.2449183762
0.2337824422
0.2414796318
0.1953934117
0.2388896968
0.2744014343
0.2479930303
0.2600096552
0.2476876478
0.2412781267
0.2293764260
0.2614004864
0.2695388917
0.2469266964
0.2465568573
0.2470171899
0.2275064764
0.2494871090
0.2569894356
0.2558289375
0.2580625896
0.2501525021
0.2331060025
0.2483572899
0.2764194757
0.2543538749
0.2618727564
375.0000000000
0.2891754744
0.2758849822
0.2788387428
0.4122759925
0.2586055656
0.2594815420
0.2129173923
0.2777159468
0.2812999336
0.2649019459
0.2936970410
0.2623427842
0.2616864861
0.2310761940
0.2807791860
0.2516403635
0.2630050386
0.2698327298
0.3061870290
0.2619225788
0.2765019820
0.2710440696
0.2871255531
0.2669672028
0.2797450519
0.3027957058
0.2751106795
0.2822951530
797.0000000000
0.2862659325
0.2837951354
172.0000000000
0.2845750516
0.2839795754
0.2785958035
0.2951397100
0.2787374805
0.3034284529
0.2866086029
0.2958419612
0.3722039843
0.2747376628
0.2983023329
0.3038546525
0.3001114031
0.2697262300
423.0000000000
0.2922186049
0.2904346762
0.3581966150
0.2962454454
0.1572737368
0.3494670149
887.0000000000
0.2689664555
0.2826111508
0.2832573572
0.2977871965
0.2918589098
0.3328964325
0.2799059660
913.0000000000
153.0000000000
0.3043441016
0.2803071065
0.3287466534
0.3062404754
0.3079967725
0.3664588929
0.2187261995
0.3178532964
687.0000000000
0.2873537378
0.3043753371
0.3022893090
0.3556859076
0.2779146055
0.3120597414
0.2791993974
0.3907764027
0.2990925538
0.3232711535
0.2737335368
0.3091078122
0.3005595461
0.3036010657
0.3033543601
0.2738595737
0.3071910947
0.3267756304
0.3083953956
0.3175348482
0.3589374736
0.2620997150
0.3585133117
0.3282633557
0.3343495992
0.3114091298
0.3134561845
0.2936101175
147.0000000000
0.3319154664
0.3015942231
0.3271509743
0.2802104215
0.2966727320
0.3291972618
0.3228493054
0.2861363243
0.4167303559
0.3186744855
0.3416412491
0.3024850641
0.2873387459
0.2268495835
976.0000000000
0.2889452732
0.2426688952
0.3166187950
0.2635134738
513.0000000000
0.3286479823
0.2774060700
0.3011195554
0.2932892806
0.3146681732
0.3187786306
0.3127466033
0.3600430885
0.3360088846
0.2591086080
0.3361527714
0.3280929733
0.3171608132
0.3129466324
0.3071771056
0.3285044265
0.3480542851
0.3132211893
0.3279315778
0.3267481307
0.3290337132
0.3179487893
0.3481477944
0.3038370300
0.3647844904
0.3576251367
0.3451768117
0.3163730050
0.3335892395
0.3315404030
0.3370472015
0.2927446069
0.3280717139
0.3405607477
0.3157315269
0.3649808687
0.3408349892
0.3019090199
0.3072904701
530.0000000000
0.3360550861
0.3799264137
0.3290212029
0.3351376523
977.0000000000
0.5065468549
0.3650068027
0.3497964506
0.3362334378
0.3173385041
0.3362593802
0.3267347149
0.3111698631
0.3437498110
0.3052600670
0.4045254411
0.3610931416
968.0000000000
0.3240367305
0.3505805074
0.3342436128
0.3394063649
0.3202552220
765.0000000000
0.2302122264
0.3631011526
0.3737581150
0.2942641190
0.3728606357
0.3333094264
0.3652562916
0.3623848388
0.3198212545
0.3540057750
0.3428455168
0.3155531216
0.3346815469
0.3452231360
0.4336366415
0.3238966942
0.2880910847
0.3141771267
0.2618660862
0.3836030072
0.3759246046
0.3666084308
0.4161354132
0.3484289981
0.3057379065
0.3338905904
0.3514437652
0.3489526373
0.3351809191
0.3443437730
0.3641585765
0.3454442647
0.3591624500
0.3532905273
0.3319186406
0.3597120625
0.3815657703
0.3581352608
0.3273450357
0.3617845967
235.0000000000
0.3656739754
0.3633424145
0.3575877384
0.3516035466
0.3632782622
0.6458664547
0.3609584510
0.3706337602
0.3406541079
0.3688398598
0.3619227699
717.0000000000
0.3738345765
0.3974176606
550.0000000000
726.0000000000
0.7544041451
0.3778471263
0.2993161573
0.3756151229
0.3444153553
0.3411413827
0.3954728132
960.0000000000
0.3688313320
0.3751806704
0.3671444201
0.3546385744
0.3908804604
0.4398186608
0.3593297044
0.3799121024
290.0000000000
0.2162673042
0.3788344088
0.3428634023
0.3790974772
0.3998806700
0.3739923974
997.0000000000
0.3834241811
0.3778737260
0.3744335301
0.3537684099
0.3755733001
0.3838073199
0.4076704679
0.3729776627
0.3848758872
0.3837947552
0.3821115163
0.3875066771
0.3276135611
0.3895144444
0.4160014062
0.3652573420
0.4016941222
0.3884025969
0.3192053837
0.3883189110
628.0000000000
979.0000000000
0.3736382154
0.3964761917
0.3353771208
0.3795852295
0.3646062152
0.3889376711
0.4025212996
0.4291574751
0.3986610093
0.3829971917
0.3759658632
0.3868840308
0.4166773826
0.3692432265
0.3723389721
0.3896655937
0.4165335983
0.3944837717
0.3962824124
0.4070603946
0.3905423953
0.4091510022
0.3292588345
0.4098939153
0.3933102431
0.3416364039
0.3982098969
0.4824028137
0.4031108095
598.0000000000
0.3930564271
0.4014401506
0.4355841443
0.4098953705
0.3600485324
896.0000000000
0.4034954339
0.3503687917
0.3763399299
0.4021704139
0.4196176537
0.4399079488
0.3993572733
0.4011814029
0.3973752415
0.3740108637
0.4645266623
0.4026400206
0.4092757276
0.3384056208
0.3854052251
0.4105450837
0.4041267347
0.4080168254
0.4228824797
0.4093831683
0.4053420646
0.4103472379
0.4134493700
0.4093761105
0.4246584594
0.4258701258
0.4292135260
0.4016071480
0.4222069847
0.4462374683
0.4187459513
528.0000000000
0.4034902865
101.0000000000
0.4344177514
0.4567919136
0.3859174846
0.4119880546
0.4020998512
0.3976293386
0.3735806813
0.4093890396
0.4395649964
0.3902333049
0.3960799835
0.4441638102
0.4164347671
0.4340041807
0.3915841804
0.4191432745
0.4033821083
0.3894121989
0.3968906889
0.4185732414
0.3753901970
0.3898389235
0.4369860722
365.0000000000
0.4156313210
0.4776930752
0.3898388026
0.3561567097
0.4206634554
315.0000000000
0.4553803523
0.3790157641
0.3990388116
0.4441268525
0.4942657321
0.4191538868
0.4044440791
0.4213949859
0.4836259661
0.4074451147
0.4207508820
0.4565641036
0.4946380846
0.4102234747
0.4720614443
0.4364160565
0.4272495900
0.3684323024
0.4171355104
0.4208445453
0.4169892911
378.0000000000
0.4208914544
0.4593166004
0.4612066369
0.4267550797
0.4344053172
0.4306117412
0.4089101532
0.4593655939
574.0000000000
0.4260410806
0.4205967124
0.3700995840
970.0000000000
0.4758504417
0.4380708391
0.4186420249
0.4385057520
0.4476705555
0.4522183330
0.4460006107
0.4378085685
0.5688970364
0.4851575973
0.4430769843
0.4539387720
0.4997469819
0.4403742514
0.3945915867
0.4520065802
0.4292153804
0.4835570331
706.0000000000
0.4651303230
0.4312259503
0.4757990057
0.4339225298
0.4559885779
0.4098739927
0.4589553776
0.4540536071
0.4551413302
0.4445712262
0.5088312511
0.4280477118
0.4555968161
0.4658750288
0.4549432974
0.4470687502
0.4492177380
0.4352224962
0.4454866115
0.4618185083
0.4474263025
0.4620481483
0.4599082476
0.4352954250
0.4857868697
0.4494139170
0.4417252983
0.4880389056
0.5159014874
0.4524761779
0.4591725248
