0.0000000000
0.0132358215
0.0276851470
0.0045997333
0.0089428687
0.0219993414
0.0171828689
0.0108098647
0.0153667858
0.0125320172
0.0190622319
0.0231218472
0.0253202893
0.0296062531
0.0311130882
0.0082452371
0.0358405767
0.0237498900
0.0327395578
0.1723176525
0.0387205747
0.0254556138
0.0365831404
0.0196569420
0.0341645206
0.1230249505
0.0314634564
741.0296743697
0.0480802328
0.0297142792
0.0453126750
0.0475827373
0.0435698915
0.0467128305
687.0181973062
0.0500433608
0.0474484850
0.0403504336
0.0451642182
0.0424752006
0.0492822457
0.0404229676
0.0552104080
0.0580525832
0.0556818534
441.0164169846
0.0605171238
0.0609001898
0.0498961676
0.0519604382
0.0641113736
0.0557114835
830.0164655070
0.0222674339
0.0581258750
0.0912950160
0.0682343097
0.0544690461
0.0583235179
0.0467263841
501.0408121725
695.0000000000
0.0778003574
842.0241689369
0.0570725290
0.0592768436
0.0994733276
0.0451038942
0.0510042609
0.0748721094
408.0298695924
0.0720985097
0.0604350073
55.0212184025
0.0767037047
0.0652518774
0.0735605303
0.0474065555
0.1033829903
0.0958018432
0.0805407018
0.0883085680
0.0602415575
0.0376494312
244.0512905283
0.0739478462
0.0790125755
0.0949959469
0.0972179229
0.1078211213
0.0949584067
0.1068202547
0.1092160051
0.1300703107
0.0606665730
0.1320114687
0.0854219852
400.0413242151
0.0954807148
0.1012154088
0.1379824936
0.0697451362
0.0941723431
0.1220559487
0.0844593509
0.0579774282
0.1189942259
0.1112827923
0.1210512362
0.1010823257
0.1227599280
0.0993333118
0.1202542673
0.0635163378
0.1826151516
0.1340431906
0.1248792448
0.0983399421
0.1182318854
0.1456327005
0.1091453082
983.0748644803
0.1350672894
0.1337159996
0.1328682499
0.1100256011
0.1298587408
0.1404799855
135.0795069476
0.1326124504
0.1324218173
0.1648438832
485.0594699971
0.0994993709
826.0808643055
0.1369319157
0.1353226312
320.0793833066
0.1276413059
0.1570879040
0.1347557107
0.1541764584
59.0714311920
0.1486234271
0.0727765499
0.1560549241
0.1866469743
0.2043411875
517.0571511697
0.1806782879
0.1418329350
0.1316683370
237.0496845816
203.0846978121
0.1762179722
268.0947247462
0.1618594093
0.0866514906
0.1580684305
756.0844903305
0.1521987482
0.1667502893
0.1588701604
0.1663229608
0.1820992119
564.0891663200
0.1512510574
0.1657433414
0.1602273716
0.1712993433
0.1645049219
0.0914977329
51.0647209185
0.1252639636
0.1625063744
342.0744852286
0.1779478267
0.2864554918
0.1745948859
0.1813667953
0.1685883109
247.1114135366
0.1991455170
0.1814085323
0.1758677977
0.1687443957
0.1847266798
0.2352758083
0.1749880154
0.1884973628
0.1910531090
0.2077886147
0.2003121475
0.1914162009
0.1984755626
0.1968139126
0.1880144791
0.1540228847
0.3166127865
0.2023646869
0.2085884915
0.2599024911
0.1831959158
0.1855879707
0.2089032528
0.2077553238
0.1909711831
0.2082892181
0.2247390488
0.1632099795
0.2224118740
0.2516482974
0.2268479426
0.1931031368
0.2231776540
0.1657177838
0.2357659953
0.2554635723
0.1953108818
439.1430489840
0.2009093494
0.2655226821
0.2094499976
0.2677915598
0.2459994307
0.2583618598
0.2676165661
0.2328864487
0.2621707607
0.1597603146
0.1826139473
0.2288612307
186.1110834661
0.3938457074
0.2691769488
0.2174812701
703.1071341289
0.1604465449
0.2131032094
0.2494946240
0.1840200933
0.2476903463
251.0860629617
0.2441444658
0.2474529385
0.2786097517
0.2601597065
0.2218755916
0.2167779438
0.2594481687
0.2989005848
0.2270410775
0.3007658577
0.2101887937
0.2331760623
0.2921978495
0.1707868960
0.2444738698
0.2338482555
0.2558470503
0.2608079480
0.2716882956
0.2632079230
0.3065405109
0.2625912182
0.2850207476
0.2656051256
0.2506697384
788.1290489810
0.3971159231
0.3046386369
0.2211337159
0.2808383357
0.2673016679
777.1348158255
0.2855489167
0.2934492863
0.3548494481
0.3139499978
0.2751112280
0.2842292973
0.2949465525
0.3331921432
0.2683612730
0.2995153915
0.3107753307
0.1918957882
846.1513088607
0.2549723878
0.3498401536
0.2498864449
0.2934784555
0.2081850086
260.1407530557
0.2928435261
339.1275985254
0.3002919610
0.2398704309
0.2735384392
0.3055918870
0.3120434797
0.2923735322
0.2850598567
0.3009813214
0.3136033207
0.3005779986
0.3146676047
0.2924292324
0.3699607742
0.3045929527
0.3278050806
0.2852394386
0.3768579615
454.1671840651
0.3252266198
0.2917758720
0.3375219913
0.3321199840
0.3330474732
0.3385830947
0.3284283210
0.3281117742
0.3231221308
384.1634798142
0.3391285073
0.4106073056
0.3113373017
451.1213773116
0.3174561340
0.3364084610
0.1094022199
0.3564319863
0.3441213893
0.3395422362
0.3120565593
0.3266057734
0.3284621697
0.3186814306
0.3436126028
0.3335672821
687.1634052057
0.3432383500
0.2412921938
0.3563453072
0.3319940886
0.3550632424
0.3423823785
0.3084460605
0.3235274608
0.3544304301
0.4087608396
0.3442676026
0.3661721031
57.1851765994
848.2224176765
0.3568501276
0.3434232220
908.1292673339
0.3671682911
191.1737584038
0.4246664216
0.3584541773
0.3478700156
0.1953330962
0.3789333123
0.3505533695
0.3860962739
528.1653872669
0.3810928082
0.3863491342
0.4078080752
0.4260699079
0.3623113002
578.1927023661
0.3287960117
0.2684829015
0.3560918108
280.1618125381
0.3892341636
0.3406477675
0.3830841734
0.3897389922
0.3660419128
0.4098659751
0.4058241825
0.3861768005
0.3903324158
0.3861419385
0.3997371759
0.3802878907
0.3677773094
0.3966974915
0.4054020668
0.3891764839
0.4583576473
0.3862841997
0.3714753842
0.3685378668
0.3915686662
0.4072809349
0.3376808123
0.3012965008
0.3989286706
0.4028383565
458.2226671526
760.1338174900
0.6163836594
0.4042965921
0.4094687878
0.4351301738
481.2075505539
0.4017524189
0.1890931452
366.1875780646
0.4128003191
0.4100113598
0.4065319559
0.4074704799
0.4345427695
0.4423471772
0.4104886333
719.1943752094
0.4075025783
0.4305166590
0.2069827076
0.4289113919
0.4161515824
0.3874460777
0.4294049862
0.4091708826
0.4052853222
0.4103178548
0.1676196749
0.4303394671
0.4321148228
0.4774984925
0.4515484359
0.4592306169
0.3753014131
0.4232996177
0.3874262805
0.4190457856
0.4216800218
0.4264697653
0.4135687159
0.4514669075
438.2245305499
0.4498318718
0.4178747445
919.1955734195
0.4833181719
331.2376921851
0.4538087848
0.4428215351
0.4088052478
0.4527273977
0.4331926155
0.4424308575
0.4504548655
0.4604396102
0.4158094465
172.2030409617
0.4960524466
326.2041523128
0.4902997469
0.4199166865
0.5219043749
444.1748035093
861.2508317639
0.4587668362
0.4369051488
0.4403697748
0.4520554408
0.4141455263
0.4529423270
0.4110981344
0.4612654335
0.4408942961
0.4570048210
0.4515793957
0.4662246388
0.4783603920
385.2442013218
0.4883553586
0.4761704103
0.4458359249
0.4720263602
0.7122953284
0.3826844851
0.4829341359
0.4893047946
0.5203737165
0.4667567496
0.4892824144
0.4861190436
0.4598850272
0.4990552053
0.4457475239
0.4858912019
0.4676771995
1000.2454171718
0.4658312997
0.5254131266
931.2652328530
0.4820686193
0.5324221507
0.5119087396
636.2301565725
0.4655704251
0.5109344252
0.5336223021
65.2083883278
0.5482077331
0.5754619543
81.2364075879
0.4831415623
900.2514609878
0.5048199510
0.4932304723
0.4963061899
0.4742653434
0.5017234143
0.4908460994
887.3057219268
0.5032055472
0.4871409851
0.4872932148
0.4935543393
0.4964658107
0.4956525490
531.2813321288
0.5372580640
0.5666475095
927.2550769489
0.5204124674
0.5408135579
0.5004704348
800.2270796565
0.5041112312
0.5129554603
976.2536029603
0.5342915881
0.5584698585
0.5120372666
0.5145211136
0.5368245550
442.2395810206
0.4555965541
0.5090152925
0.5586792398
0.5221544171
0.5248260356
382.2817941720
0.5162077562
0.5102915173
0.5453430517
0.5498134525
0.4085524313
0.5902178088
0.5148695457
0.6065523896
0.5106549894
0.5140919629
0.5319434538
0.5634253644
0.5109767463
0.5247079360
0.6171848792
0.5059159495
0.4671405799
0.5396021716
0.5943799105
0.5603448472
0.4823794414
0.4848362510
0.5719191892
0.5611373436
0.5646118441
0.4846471026
0.5522729993
0.5583190270
0.5596449772
0.5666558313
0.5302047194
0.5432072752
0.9180184135
0.5510908634
0.5428546329
0.5446375299
753.2821680505
0.9115862003
0.5697218645
480.1838853083
0.5623098205
0.5518649638
0.5666063074
0.5231057129
0.5441393734
0.5079240756
0.5402210404
0.5583315530
0.5559119819
0.6264734309
0.6206733835
0.5858495719
0.5856452759
0.5441938261
0.5350720186
0.7003616188
625.3004350563
0.6217086896
0.5601871794
0.6058227441
0.5815135235
0.5758727653
0.6036490689
0.5512670272
734.4081659678
0.5835657441
0.5898921950
0.5580636556
0.5113608035
0.5814961560
0.4261359000
0.5540793215
0.5733862211
0.5690925524
0.6456630132
0.6020072315
25.3060761273
0.6053082769
0.5959687735
0.5790700992
0.5801969236
0.5941343004
0.5878376527
0.6303451828
0.5493666755
0.6039939348
0.5620087649
0.5813494168
0.5788647784
0.6085068380
558.2672598198
0.6435199561
0.6009604691
0.5982204684
0.6171736102
0.7768495532
0.6049799732
0.6092345188
0.5329606422
0.6825493546
0.5891060473
0.6503798746
0.6152241444
0.5403394270
0.6083403369
0.6289338711
0.6459804617
0.5962657971
0.5380447628
0.6223445458
578.2953291758
0.6047599850
0.6366846837
0.6256818835
329.2826830583
915.2817085980
0.6350037928
449.2753500383
0.6353340001
0.6306966290
0.6730403236
0.6461717045
0.6130753004
0.6474519768
274.3344013586
0.7060806735
728.3503820987
0.6401590510
0.6423981165
710.3003517888
0.6573543888
257.2510000000
