0.0000000000
0.0000000000
0.0000000000
0.0000000000
0.0000000000
0.0000000000
0.0034857297
0.0015482799
0.0000000000
0.0090503482
0.0007650475
0.0000000000
0.0000000000
0.0000000000
0.0049614442
803.0026211376
0.0043809524
995.0010916051
0.0000000000
0.0033058723
0.0039693443
0.0000000000
831.0131462371
0.0047517828
0.0000000000
0.0063653331
978.0218084798
0.0093878437
0.0106687540
0.0086924923
0.0000000000
0.0158973622
0.0169320572
0.0207100046
0.0079589196
0.0149499285
0.0156908992
0.0209109688
0.0133015399
0.0131465825
0.0118640181
0.0080405751
0.0111782601
737.0525663767
0.0153795358
0.0161427514
0.0141831484
0.0171576390
0.0204391901
0.0000000000
0.0231934383
0.0166061799
0.0159402841
0.0284341159
0.0237502375
0.0185793006
0.0242156832
0.0201087036
0.0205420374
0.0269749140
0.0188441003
0.0231381410
0.0191791574
0.0235829928
0.0276557731
0.0217127655
0.0270971671
219.0000000000
0.0140525195
528.0254760526
0.0259219134
0.0143513520
0.0583563333
0.0264153881
0.0342906713
0.0247574695
0.0266391296
0.0261041246
0.0264308602
0.0285929802
0.0359308211
0.0323159296
0.0272527914
0.0331216407
0.0383072634
0.0299318418
0.0308340388
72.0244842834
0.0302155831
0.0234794437
0.0279137042
0.0315992555
547.0284821055
0.0329272600
0.0389364651
0.0000000000
0.0061623029
0.0226935214
0.0264500609
0.0263871736
0.0533504029
0.0415640589
0.0358045544
0.0346708747
0.0338977068
0.0000000000
0.0382256752
875.0321465355
0.0361538930
150.0367148003
0.0000000000
0.0376903542
124.0363261454
0.0384191239
0.0441613575
0.0358388423
0.0435909349
0.0411144660
0.0567435874
0.0170317686
740.0369143508
439.0614646961
533.0596616700
0.0546545587
0.0607972342
0.0387937726
0.0496204368
0.0620087237
0.0846871570
0.0572585917
0.0471244562
0.0418117289
0.0413023054
0.0385597934
0.0428508579
606.0458696519
0.0585345595
0.0491347509
0.0474997933
0.0710571269
0.0550885024
0.0681972703
0.0481398343
0.0496038415
0.0583422364
0.0757717738
0.0602174811
546.0429267277
0.0374452249
0.0394309640
0.0607592399
0.0684795800
0.0856492928
949.0703832113
908.0694524505
0.0270694390
150.0880929141
245.0624090756
0.0747466300
0.0295176452
252.0626083477
0.0760627245
0.0746517466
0.0798709295
364.0887648552
0.0573111971
0.0828801455
991.0662588747
0.0744408678
0.0576458999
0.0693008353
591.0588143514
0.0555629280
0.0704745478
0.2782845759
0.0808407303
0.0637846774
0.0512250434
705.0862595175
665.0608823665
185.0890512425
0.0917027054
0.0745091494
0.0963774392
291.1050704767
0.0472995306
0.0863586159
0.0725959278
0.0707353245
0.1220948474
0.0557893889
0.0909649851
0.1096689250
0.0197420167
0.0644098946
0.0904629780
0.0784452815
45.1422274384
0.1037362015
0.0814557960
0.1022156638
77.1126104009
0.0473599604
0.0789814380
0.0903800083
0.1093685264
0.1073244210
0.1224999719
0.1194400755
0.1237068134
852.1069314605
0.0855368845
0.1214693626
0.1216375390
0.1049519280
0.0851130943
0.1099221858
0.0798976183
0.0655486549
0.1272385140
0.0773871540
0.0804594641
0.0998694339
0.1166261331
0.0843113790
242.1453589074
0.1341578435
0.0973657049
0.0911224490
0.0936522278
416.0609068044
506.0863499304
0.1134117534
0.0897129894
0.1218793550
590.1535858997
0.0291929825
0.1364812330
0.1169127432
0.1316615291
664.1107912338
989.1198684876
0.1178603633
0.1432692034
0.1176528318
375.1196917505
0.1235802948
0.1031041113
0.1144249248
0.1110994225
0.1263886221
0.1347793802
0.1013660689
0.1087443768
0.1223405682
0.1154457109
0.1209632667
0.0853515711
0.1214938910
0.1215422763
0.1346485723
584.1427572336
0.1316097117
0.1023325490
0.1417911806
0.1373156342
0.1410933348
584.0960915848
0.1121590343
0.1481089162
0.1255504647
0.1480993267
0.1384839980
0.1274654107
0.1310185172
0.1157483506
0.1302760282
0.1343804729
0.1330127353
170.1321077383
0.1151952349
0.1161342311
0.1332542392
0.1304448037
0.1064354227
0.1334792721
0.1382523524
0.1065408290
0.1378665324
0.1138725353
915.1438987003
0.1372849078
99.0807064519
0.1490395120
0.1398992868
0.1077277937
0.1013003489
0.1217025873
0.1326676974
0.1127552869
0.1632299962
0.1404615853
0.2291199806
807.1611802699
0.1836229785
0.1800191231
0.1518850685
0.1584034677
0.1694567817
0.1508830714
0.1487546366
0.1554348024
154.1425278106
885.1418453728
0.1600658806
0.1913995601
0.1618433893
0.1790187189
0.1531393591
325.1812859029
195.1504454586
76.1189035591
0.1763838303
702.1510281164
0.1459865144
0.1670625654
0.1667468232
0.1640500614
0.2088493130
0.1105668613
0.1746407187
0.1468266016
73.1254432699
0.1706232426
0.1820184513
0.1634308511
0.2381039226
0.1481191896
0.1742199061
0.1266512678
0.1610007578
0.1182806347
0.1809296678
701.1797019981
0.1748302708
0.1897542237
0.1346589652
0.1675210019
0.0029378929
0.1628655412
0.0255998747
0.1627418541
0.1712214730
0.1750261770
0.1678560908
0.2042019989
0.2328201021
0.2256896694
0.1821458787
0.1845861203
0.1723291968
0.2043689639
0.1284331483
0.2409060725
431.1872770840
0.1705510050
0.2652540267
581.2017921889
0.1733877171
0.1832384880
0.1707324132
0.1810326485
0.1782825119
0.1825857553
0.1925457180
677.1817501058
0.1950747454
0.1845214685
0.2187072399
0.1739226135
0.1662822287
0.2007545157
0.0974480748
0.2011456787
0.1886050246
0.2117239901
0.1859227562
0.1557014359
0.1828914945
0.1875873079
0.1949258338
0.1841299238
0.1551585128
0.1963644001
0.1754995806
0.2006614777
0.1770805031
0.2006477444
0.1741735184
0.1608429143
0.1819636920
0.1879561030
0.1953720545
0.2089562838
0.1571283979
0.2036783848
0.2706318032
0.2004321325
0.2062241705
0.2114872770
0.1383935431
0.2002043657
0.1614267974
0.1930786098
0.2049590151
0.2281826741
0.1959569305
0.2042522059
405.1981221476
0.0583067093
559.1970702938
942.2379933928
0.1496841091
0.2010956513
0.2281506331
0.2123294481
0.2263208498
0.2155129101
0.2135986123
0.2268896583
0.2542239448
458.2158042971
0.1704210039
416.3042811569
0.1659410893
0.2247656535
0.2093923977
0.2162405586
0.2078782138
0.1768168325
0.1704731078
0.1906285461
0.1982145728
0.0000000000
274.2088650760
840.2450115476
0.2212815165
197.1982684504
0.1229741257
0.2393399653
0.2190243363
225.2366055446
0.3119294242
0.2095257177
0.1619412770
0.2380784791
0.1819360266
0.2310670556
0.2212944803
618.2211833877
0.2184760905
0.2295700499
0.2223931344
242.2624968321
0.2327464129
0.2301169059
0.2978711351
0.2250901215
59.2016732911
0.3037571679
0.2322033372
0.3969832103
0.2114017506
0.2353432826
0.2090805042
0.1643271570
0.2220309973
0.2174529244
0.2070926835
22.2697506503
0.2258200256
0.2425709674
0.2457284446
0.2215351995
196.2433890021
0.2364644974
0.2178889277
0.2192530405
609.2040197226
0.2258262501
954.2330842259
541.2433883063
0.2362320111
0.2060353348
0.1971050663
0.2328442334
0.2308729949
0.2416742205
0.2081437819
0.2092825756
0.0977525638
0.2198112046
0.2331748626
0.2578218468
0.2537647576
0.3041546970
0.2483405109
0.2458746100
0.2177703743
0.2572597900
0.2346165016
0.2400513133
0.2138967766
0.1516606138
0.2450032467
596.2183766620
343.1798663168
0.2501870596
0.2007026469
0.2032448449
0.2300632384
239.2235694792
0.2331175148
0.2538393845
932.2108665129
0.2484322637
0.2717215048
0.2370839460
0.1968044879
351.2562636206
0.2615410005
0.2895556903
0.2288094594
0.2810525339
0.2004966207
0.2350389121
0.3740647858
0.2094068806
295.3493661447
0.2477579541
0.2302802930
0.2821985587
0.2200087930
0.3626988332
0.2657883798
0.2972999282
0.2790773589
0.2636676848
0.2326783609
132.3132553828
0.2727336193
0.2577871891
0.2888356896
0.3098523531
0.2555013769
0.3150705271
0.3656718549
0.2529487251
0.2694496545
0.2818042260
0.2992700877
0.3216347216
0.2405243223
0.2604010920
0.2836037336
0.2642252412
422.2789427878
126.2894799527
0.2841851920
0.3081787125
0.2499300177
0.2796045884
0.2023933076
0.3256241297
0.2618967688
0.2953121008
0.2771453908
0.2985447720
0.2778446316
0.3102382399
383.2814649748
0.2746387030
0.1998893214
0.2837890829
0.2622875917
0.2525329753
0.2849264579
0.2376412959
0.2612324053
0.2266004415
0.2754417425
0.0000000000
0.2912322225
0.2977885462
0.3249964903
0.2011494253
298.2950096835
0.3990994303
0.2410744590
604.2452909841
0.3234422209
217.2984211305
0.3313378735
0.2671719748
0.3121049265
0.2945807511
0.2808128223
0.1999600080
0.2852713178
0.3083117387
0.2985549961
0.2570902686
0.3050032950
0.2138395488
0.1770668808
0.2594980237
0.2480456266
0.3155732443
0.2885252442
627.3321809475
444.2784766141
0.2321408562
242.4667753144
0.3337543886
0.2578958633
24.2930262101
0.4101568818
0.2453072397
0.3564460989
0.2635918370
0.2566809002
0.2870415396
656.3246392757
0.2901470010
0.3178517073
0.3141930023
0.3157150500
0.2549729331
0.2786251894
0.2533768869
0.3284217420
865.3039984494
0.3089195256
0.3145958785
0.3162361610
818.3170804724
530.2900227809
307.3058451692
0.3196677908
210.3252923706
0.3277448506
0.2942946058
0.2668297195
0.2691528218
0.3888385976
0.3262536719
0.2621090320
0.1001223491
0.1674019316
0.2596232626
0.3125241842
925.2785619694
0.3376649523
0.3022561999
0.3265852419
0.3359956037
0.3284004579
0.2727631319
0.3336610317
0.3611203182
0.3178526588
0.2528848891
0.3168999791
0.2717439421
0.3081545493
0.2499508435
0.2952222241
0.3020767395
0.3278732239
0.2969748785
0.3269348760
387.2627461433
0.3344975680
0.3009188111
0.2435570847
0.2918935195
0.2713108320
0.3364193685
0.3567768980
116.3399345199
