0.0000000000
0.0000000000
0.0000000000
0.0000000000
0.0031973857
0.0035319160
0.0064948029
0.0039675314
0.0031022074
0.0020975163
0.0000000000
0.0021275532
0.0136230333
0.0021936576
0.0037301494
0.0156783399
0.0000000000
0.0163531418
0.0121363108
0.1005642217
0.0155529372
394.0163984139
622.0120132181
0.0054327782
0.0133341366
0.0168191325
0.0232905983
0.0000000000
0.0201703272
0.0138091778
0.0158660545
298.0181027318
0.0311068288
0.0162614192
0.0207943957
0.0148449536
0.0117170390
0.0216136078
0.0206505742
0.0232772328
0.0266764814
0.0277339792
0.0000000000
0.0387891669
0.0000000000
0.0165373649
0.0253829426
0.0234450224
0.0368044729
0.0291914436
0.0089460515
0.0341685587
0.0349786575
0.0206024392
0.0128156001
0.0560337605
0.0290960251
0.0945260130
0.0387962756
0.0000000000
202.0472426635
0.0261058871
0.0343895583
0.0416293385
0.0479716063
0.0291452816
0.0000000000
0.0423935683
0.0407844994
933.0323567531
0.0498202660
0.0350325492
0.0171215215
0.0405379849
0.0494787526
0.0260639837
0.0460242165
0.0506809967
0.0485534247
0.0445719457
311.0452661183
0.0381556906
0.0542054863
0.0465986702
0.0480565107
0.0426186692
448.0490469234
0.0462202985
0.0443825416
0.0357450707
0.0451479468
0.0386946211
0.0611386618
0.0769194149
0.0447061017
0.0616315820
0.0617540869
0.0657208042
0.0380709393
0.0510986792
0.0000000000
0.0662537158
0.0457974593
0.0468021704
0.0970112601
0.0742228511
0.0590211493
57.0532735521
0.0486496102
0.0673582924
0.0903229701
0.0483499739
0.0634053711
0.0373173171
0.1106348564
453.0745777260
556.0557515838
0.0492749103
337.0692270575
0.0828350522
904.0652711171
0.0718776669
0.0736219509
0.0474656597
0.0757777970
0.0615237553
689.0536011241
0.0606332889
0.0750917828
0.0469538772
0.0413485703
0.0481400758
0.0627956071
0.0695208054
0.0497809092
0.0686326994
0.0579180459
132.0627275774
0.0298142194
0.0680257359
0.0405792979
0.0601182494
0.0696756548
0.0535650863
0.0759777847
0.0663313847
0.0780364630
0.0832616293
0.0816411008
0.0528978981
0.0764147163
0.0672099015
42.0877957040
0.0861154157
0.0905472016
0.0473895582
0.0635008430
0.0673025692
0.0854313774
0.0621596964
0.0620512164
0.0765296379
0.0752709306
0.0897032341
0.0725128506
0.0876273552
0.0565300334
0.0976771933
0.1005602037
0.0905158250
0.0521784120
0.0727319202
0.0753586452
0.0647518349
0.0903978438
0.0751090807
0.0662367265
0.0750081396
384.0952777105
0.0963810129
0.0777463081
0.1053039086
0.0867128512
859.1079426371
320.0763626562
0.0989729533
0.0993490582
0.1926545439
187.0953932073
912.0751781651
0.0708857119
0.0975771920
457.1017089887
0.1190233933
736.1087450968
0.1130864148
0.1205781905
0.0000000000
917.0481624562
0.0624403862
0.1099929690
0.1032490720
0.1049540311
0.1195452989
0.0641259321
0.0724168937
416.0845487053
0.0709836530
0.1067978084
0.1150394171
379.1073807539
0.1060121069
0.1228194128
872.1195262806
0.1593521421
0.6648199446
434.1132023069
972.0971946755
0.0975799804
772.0942206122
0.1501585145
0.0909894857
0.1344645457
940.1087612478
0.1239196802
98.1016752530
0.0439515264
0.1355394138
0.1270270027
0.1247363445
0.1245246478
0.1375428216
0.1311501124
0.1152102056
192.1332028797
0.1340378349
948.1349374519
0.1426403806
0.0854151764
0.1418948675
0.1362587040
0.1277036978
0.1281982703
0.1313139716
885.1350416276
0.1517653298
0.1228099340
0.1293681349
0.1457529896
0.0997619579
0.1266209538
0.1258759751
0.1128968613
0.1697089615
0.1371551407
0.1835817575
0.1402838027
207.0618440557
0.1424785690
0.1205916641
0.0918514055
0.0965108317
325.1216944865
0.1395571165
0.1602097354
0.1453080094
0.1479234835
0.1020032172
0.1264924921
0.0836224799
31.2714285714
0.1449344127
398.0929256135
0.1498176288
0.1024745905
0.1171412802
0.0958368987
0.1093892866
0.1408112843
0.2367011049
0.1281855639
191.1400887718
0.1519621517
0.1373318674
0.1292653247
0.1413304595
0.1347349051
0.1077490475
0.1746400414
0.1570363067
0.1392563800
0.1587751025
0.1177591642
0.1414649523
71.1300338102
0.1710844912
0.1358753045
0.1628441268
0.1499977824
0.1922045845
0.1449438168
0.1772958409
0.1658659563
0.1741052173
0.1604570599
0.1407497776
0.1982531022
0.1663774200
0.1631577478
0.1284423179
498.1820179772
882.1843721955
0.1636994778
0.1727233100
0.1790279041
538.1533331525
468.1786667768
0.2657572013
0.0962640758
462.1826874295
0.1485322492
700.1675896933
0.1795117948
0.1707657471
0.1320268365
0.1550920435
0.1843426294
0.1764632137
0.1303404361
0.1595290723
0.1869588898
0.1993693709
0.1573521730
0.1530320908
0.1397269468
0.1304078576
793.1699155264
0.1972793694
0.1847612999
0.1868232598
0.1837097549
0.1826541548
0.1729171205
0.2132024856
0.1772490987
0.1945709007
0.1976254119
0.1887847399
0.1603229244
0.1785347209
0.2208463272
0.1473200509
927.1970821103
0.1812434204
0.1609895143
0.1847848539
0.2163110497
0.1862673484
0.1579286299
0.1984209895
0.1839207558
0.1279501832
0.1604287652
0.1779443291
0.1842463201
0.1671879239
0.1692973902
0.1657999669
0.1595797354
0.2042330276
0.2417235791
0.1720953981
0.1816063021
0.2100835637
0.1843058298
0.1391995355
0.2049417131
0.3183908046
0.0000000000
0.1707748530
0.2096928027
0.1830793925
0.1715330737
0.2378647565
0.2078580954
0.1857288542
0.1678564944
0.1692943427
0.2106717103
0.2104818649
0.1828231179
0.2071402547
0.1838755046
0.1615926945
0.1736598350
0.1777588743
0.1852692974
948.2076704148
0.1493024906
926.1507310849
0.2234303785
0.2094853560
0.2098106748
0.2094384274
0.2217388339
0.1751884563
0.1785510572
0.1743908518
0.1381836782
323.2247867693
0.1891738212
0.1811205621
0.2797288432
0.2191572339
0.2177787352
28.2356931351
0.2160057742
59.2021078225
0.1784785919
0.1875098188
0.1978558226
0.2221978298
984.1846350242
0.2188486845
0.1770910516
0.1781276206
801.2552264460
0.1913269391
0.2217133853
0.0000000000
0.2257435329
0.2230137126
0.1571724125
0.1882117679
0.1509622053
0.2155791358
714.1837614501
0.1626900523
0.2338441132
303.2114197986
0.0860782702
979.2491419101
0.2363570146
0.2285637687
0.2655309405
91.0703274727
0.1253897098
0.1759592955
0.1839746047
511.1851103878
0.2161077491
588.1923275589
0.1733376976
565.2246794140
0.1936813726
432.1952077698
0.2371973956
0.2506255528
0.2448623185
0.2520369351
0.1983554192
0.1931114586
0.2213884324
213.2039801604
0.1863481956
0.2354431831
0.2031585479
0.2425921404
0.2543390418
0.2155153773
0.2582274834
0.2543620273
0.2129624389
0.2508574979
0.2109031760
0.1533357447
0.2025247785
0.2127597447
0.2554729681
0.2412790127
0.2065723913
0.2570714258
0.2771465713
0.2004486203
0.2520478130
0.2600980219
0.2591200951
0.2130752857
0.2704358566
0.2628800076
0.2628497431
557.2639829611
0.2438119047
0.2610813096
0.3429482534
0.2615650851
0.2809401317
858.2121373835
0.2158520952
0.2189730065
0.2491598027
0.2181117644
0.7761529809
0.2662265585
0.2267049983
0.2793648054
411.2103035568
0.2278056125
0.0291796933
0.2731794376
0.2682527080
0.2845439689
0.2310039571
0.2359774180
0.1845091734
0.3170885411
0.2451259731
0.2180908079
0.1764095216
0.2854308911
0.2850586516
0.2127210580
0.2798101297
0.2345043050
0.2720154603
0.2343722838
0.2632937193
0.2323064113
0.2420945137
0.2189161895
0.2500770529
0.2691732651
0.2301702075
281.3086406838
0.2796209267
0.2541802563
0.2341411506
0.2877180034
0.2301746740
743.1821775975
0.2092449577
376.2739551062
0.2862988581
0.2353547032
0.2744219942
0.2841320041
0.2736692433
0.2784276516
0.2376508438
0.2301639164
0.2725348505
0.2359387048
0.2517695219
0.2874258226
0.2962609016
0.1659156815
0.2153596286
720.2492782875
0.2397957728
0.2422755169
0.2906786925
0.3922811421
0.2778599840
0.2971707465
0.6723549488
0.2440593144
0.2979507431
0.3012687593
0.2926833959
0.2336819329
630.2871364838
0.2521465106
0.2473325055
0.3061293064
0.2356300700
0.2603353393
902.3341957209
0.2747748500
0.3000368667
0.2213110024
0.2755229885
0.2142082083
0.2619155975
0.2406318135
0.3144014733
0.2810392744
0.3111716236
0.2755430553
0.3073346442
770.2754876966
292.1947353524
0.3039732161
0.2864915988
0.2711369121
0.2440911823
0.2468578346
0.3114043900
0.3096553589
0.2333994968
0.3289711642
0.3332675627
0.1968810025
312.3190982688
0.5510597303
0.2866838186
0.1692536047
0.3104208901
0.2783355241
0.3352910646
188.3191710963
0.2877606034
0.3187539212
0.2502807775
635.3290724668
0.2544958602
3.1946789975
0.2895210202
249.2152118632
0.2735643080
0.2243951120
0.4162840899
0.2880837060
0.3262569628
0.2923194883
0.3568677792
0.3400648207
0.3199850351
0.2784134515
0.2754299156
0.2757831441
0.3385790147
0.3189763395
0.2655970439
0.3507776783
0.3615168407
0.3568538706
0.2837331459
0.2778331762
0.3517764339
0.2803616259
0.3500045331
0.2490392597
0.3239336689
0.2924624359
0.6037276467
0.2556565480
0.2744439934
0.2844815504
0.3399380805
0.3667549276
0.0324942792
0.3562614506
0.3666580424
0.4164904863
0.3531025939
0.3607817045
0.3381177944
0.2973010507
0.3430798516
0.3337275983
0.2371008297
0.3622992527
0.3375297352
0.3492202396
0.3493606182
0.2974935970
0.1327664006
0.3160362574
0.3779012663
0.3172533839
0.3305604309
0.3390805801
0.3180875738
0.3562042005
305.3766771294
948.3049271270
0.3455516717
820.3619865490
0.3936041834
0.3594810121
0.3027002089
