0.0019524650
0.0061120162
0.0029455055
0.0053896310
0.0000000000
0.0054965746
79.0000000000
0.0080627107
0.0026061301
67.0000000000
0.0049885483
0.0055969085
746.0000000000
0.0000000000
0.0060239532
0.0000000000
0.0193478637
0.0139147986
0.0049376286
0.0056052297
978.0000000000
0.0094709205
0.0070840088
0.0107395700
0.0097309764
0.0073380944
0.0137967309
0.0000000000
0.0121993946
31.0000000000
0.0153245891
0.0165607961
0.0148422033
0.0160206957
0.0147501868
0.0137977115
0.0077964815
689.0000000000
0.0196585717
0.0185667732
0.0259998246
0.0216629301
0.0191301624
0.0163470967
886.0000000000
0.0264022151
0.0204876608
0.0230820961
0.0452824005
0.0000000000
0.0691631972
0.0000000000
0.0021874230
0.0430784302
0.0317354086
0.0285323061
0.0264896341
0.0578490539
0.0254922571
0.0286383268
0.0257327420
0.0290854015
0.0382920158
0.0272182629
0.0329208998
0.0324009606
0.0317592946
0.0369189060
0.0326990259
832.0000000000
0.0182451551
0.0357366822
691.0000000000
0.0235340294
0.0318822808
0.0383413965
0.0327480050
0.0234180331
0.0443353009
0.0416195001
0.0393437078
0.0380140293
0.0000000000
0.0261745462
0.0794008484
0.0389504575
516.0000000000
0.0489128863
0.0330191891
0.0332883850
0.0412079993
0.0421637831
0.0418455324
0.0336515132
0.0446694878
0.0430547218
0.0360328417
0.0446794643
0.0430231622
0.0500951068
0.0228718916
965.0000000000
0.0489022621
0.0277757414
0.0000000000
689.0000000000
0.0566163997
0.0608113206
0.0471201259
0.0526399913
385.0000000000
0.0409680207
0.0526848455
416.0000000000
254.0000000000
0.0700533577
0.0651624977
0.0578303436
0.0630148123
0.0643998023
0.0619146084
0.0571184659
0.0651327834
0.0527279093
0.0645382673
198.0000000000
0.0512560102
0.0632603367
0.0599680643
0.0516630870
0.0682747107
0.0786134989
0.0607615622
0.0319174720
0.0565074013
0.0897812813
0.0628756260
0.0579148523
0.0588285396
0.0685292938
0.1229508197
0.0630723412
0.0458808905
0.0633322152
0.0483652859
0.0777471445
0.0699423971
0.0677482695
319.0000000000
0.0717099953
0.0638376588
0.0666456708
0.0475201804
0.1884280988
0.0630528186
0.0782447484
0.0780763399
0.0616746240
0.0742653691
0.0726369828
0.0000000000
0.0811814207
0.0672516223
0.0736291111
0.0709914836
0.0759337211
0.0563846991
634.0000000000
0.0777085434
0.0657708849
0.0000000000
0.0672011414
0.0733526247
0.0920218373
0.0959090303
0.0000000000
0.0792562332
0.0771697902
0.0850784189
0.0767276606
0.0933404967
124.0000000000
0.0913979561
0.0974082008
0.0877750432
0.0892879798
0.0953033075
0.1013865256
0.0768422261
0.1063755523
0.1069463273
0.1012272341
0.0977030463
0.0975676022
0.0745096612
0.0795177955
0.0811520473
0.1337276068
0.0932218074
0.0556349706
0.0699624012
0.1127484424
0.0759527825
0.1016685351
0.0786745317
0.0806721858
0.0738524904
0.1656508644
0.1095980505
0.0535557959
0.1070986040
890.0000000000
0.0377011851
0.1053504253
0.1127203173
0.0974955088
0.1093416655
0.1080805974
0.1373310857
0.0843497217
0.1321740994
0.1245111760
0.1716630937
0.1097845156
0.1322565027
0.1655682753
464.0000000000
0.1085179363
0.1358403896
0.0819189803
121.0000000000
0.1368398069
0.1320475803
0.0707486354
0.0711019468
0.1210476225
0.1220392854
0.1343957539
0.1474304255
0.1356932793
0.2748091603
0.1590737921
0.1042852594
0.1531641044
0.1382575758
0.1214624488
0.1361331110
0.1412866372
0.1049858959
0.0960541300
0.1342245833
0.1269165247
0.1120165236
0.1258704256
0.1253361219
0.1441086745
0.1517278088
0.1168178538
0.1468343988
0.1462246725
0.1013656239
0.1479120530
0.0744278093
0.1434980431
969.0000000000
0.1426528036
0.0821274680
0.1296866751
0.1235651001
0.0416754515
0.1492766034
0.1209257161
0.1925217004
0.1508372835
515.0000000000
0.1371527665
0.1378370612
0.1291532271
0.1538692785
39.0000000000
229.0000000000
0.0989881793
0.1507482934
0.1376615499
0.1493491856
0.2222749297
0.1656268090
0.0271265670
0.1450030408
0.1247933884
0.1304539164
0.1131933877
0.0000000000
0.1101673433
0.1596012526
0.1392051923
0.1290264677
0.1409676469
0.1333323256
0.1218380475
0.1700651929
0.1543193735
0.1241312437
0.1284322310
0.1289371922
0.1723376623
0.1608288209
0.1438430159
0.1379161759
0.1418790475
76.0000000000
0.1521366509
0.1574152018
0.1052631579
0.1423749616
0.1574311782
0.1712184418
0.1690100737
0.1181736621
0.1141265187
0.1694245995
0.1772283714
0.1087819178
731.0000000000
0.1734066876
0.1108068147
0.1522826477
0.1343572361
0.1912908688
0.1470021494
0.1433620088
0.2298998465
0.1596058859
0.0963819817
0.1429530905
0.1433902041
0.1514541030
276.0000000000
0.1476989204
0.1643610760
0.1338367872
0.2080123131
0.1548806901
0.1412911532
0.1298508867
0.1822264224
0.1144736994
0.1686781879
0.1794552640
0.1796024725
0.1413692777
633.0000000000
0.1743217958
0.1199465234
0.1202088722
0.1546136222
0.1774129096
0.1695850722
0.1521246425
0.1606804050
0.1354307743
0.1318057856
8.0000000000
0.1849085239
0.1596389965
856.0000000000
0.1547917677
0.1636703478
0.1592281610
0.1410221608
0.2144028946
0.2054609650
0.1872426521
0.1917110033
0.1889566788
0.2145601980
0.1280274034
0.1868006784
0.2100737666
0.0000000000
0.1391472009
0.1563698936
0.1945599655
0.1884297812
0.2116516193
0.2041214383
0.1886792453
841.0000000000
0.1968453265
0.1854425861
0.2162540166
0.1895332220
0.2449042619
0.2023243846
0.2375578484
0.1826776890
0.1698886572
0.1404314374
0.2081384928
0.1803534754
0.2029860767
0.1947872038
0.1644057292
0.2017461344
0.2047431101
0.2207773751
0.2126305297
0.2155176067
0.2092547093
488.0000000000
0.2351288377
0.1640772327
0.1853442334
0.1819908178
0.2053340734
0.2112796008
0.1724197968
0.2083380075
0.2084378037
0.1727385696
0.2259457918
0.2093030240
0.2236119020
0.1602405182
0.1726888206
0.1623678711
0.2105391032
0.1650630031
0.2500880902
0.1404190130
0.1890853454
0.1819014639
0.2073477591
0.2012602607
0.2145558871
0.1995949108
0.1656595664
0.1600565618
0.1830020789
0.2071681025
0.2280254906
0.2132269170
0.1957231388
0.2087295770
0.2280387934
0.2001506863
0.2177476576
0.2215858407
0.2290727700
0.2293783037
0.1972476808
0.2299119367
0.2171320576
0.1539647776
0.2249626382
0.2007209777
0.2025294593
0.1691788382
0.2062146604
0.2408032693
0.2410751868
243.0000000000
0.2351881533
0.2520732713
0.1333238830
0.1975321597
0.2263109970
0.2176096639
137.0000000000
0.1860582400
0.2256955146
0.1491019632
0.2358964567
0.2516090048
0.2010160196
902.0000000000
727.0000000000
0.2262561375
609.0000000000
0.1242173042
0.2223761430
268.0000000000
0.1878224136
0.2259547447
0.2034182799
0.1972309067
0.2515007455
0.1592593313
0.2896742210
0.2490111144
0.2677403332
0.1518990757
0.1609812086
0.2463263734
0.1865961887
0.0881692003
0.2597719708
0.2239932434
0.2430919167
0.2599131038
138.0000000000
0.1415003406
0.2748615125
0.2328516079
0.1669056916
0.2704108164
0.2314690843
0.2627589732
0.2951958131
0.2177163277
0.2271127134
0.2194617021
0.2646031668
0.2654612575
0.2171004170
0.2520771335
0.1826792535
39.0000000000
0.2762506779
0.1795740877
0.1819769156
0.1060837578
158.0000000000
0.1943899504
0.1741417588
0.2702540508
0.1556142343
0.2903046062
0.2641574298
0.2676361715
0.2437377982
0.2652390104
0.2418785882
0.2418286344
0.2701426553
0.2516304313
0.2526582257
0.2678019424
0.3008814384
0.2611413948
0.2511267376
0.2500329045
0.2392112596
0.2834217928
0.3028837516
9.0000000000
697.0000000000
85.0000000000
0.2634427542
0.2744269771
0.2534781831
0.2380678484
0.2553250731
271.0000000000
0.3009458740
0.2690961202
0.2191353523
0.2541089618
0.2162721854
0.1925075739
262.0000000000
0.2513204884
0.2882200770
0.2579925193
0.2472469164
0.2778102731
0.2829624844
0.2621962971
0.3535910857
0.2734538543
0.2277492605
0.1922049333
0.1952214167
0.2165654627
0.0453813968
0.2685320048
0.2166182481
0.3040236021
0.2542927595
0.2940176978
0.2610194296
0.2624949590
0.2698719179
0.2662475823
0.2998365344
0.2909807831
0.2800860577
0.2209363042
0.2875877224
0.2976602118
0.2748320888
0.2606672308
0.3050600469
0.1203965206
0.1904234124
835.0000000000
0.2991907606
0.2393493746
0.3114308733
0.2541259157
0.2665954739
0.2925634804
0.3861328946
0.2717329136
0.2938232515
0.3111378650
0.3508261331
0.2992914087
0.1853017401
0.2698532835
0.2178693020
859.0000000000
0.2866918279
0.3386328135
0.3162739783
0.2607839438
648.0000000000
0.2529834348
0.2842237740
0.2236533116
0.2939487027
0.2951140620
0.3151977197
0.2350412575
0.2474296805
0.3167662435
0.2746631469
0.2828705652
226.0000000000
0.2960345622
0.3310740629
0.2955322731
0.2928041116
0.2368697824
0.2777900929
0.2382611844
0.3096230895
0.3357697346
0.3131489687
0.3144298644
0.3229809260
0.3392583565
0.3255637718
758.0000000000
0.2293242132
0.3026752060
0.2916881201
0.2890059363
0.2884027073
0.3491296651
0.3272162324
0.3116464705
0.2320079277
0.2820003533
0.3499987663
548.0000000000
155.0000000000
0.2773797609
0.2931737739
0.2683325118
0.3116667372
0.3080081872
0.3202197555
0.3194552059
0.2580076662
0.2896870436
0.3351136542
0.2960843292
0.3220293315
0.3236718187
1.1846565566
0.3196651357
0.3292614740
0.2744507277
0.3128265918
0.3163614864
0.3052815293
0.2385211092
911.0000000000
0.3421351541
0.2461394924
0.3484495600
0.3112872433
0.2735359405
0.3313959335
0.3659149007
0.3670398805
0.3248547454
0.3294604404
0.3216395161
0.3494327588
0.2886421752
0.0000000000
0.3277938437
0.3306567593
0.3342675232
0.2658123433
0.2891281450
0.3170402340
0.3618579829
0.2386844749
0.3104529105
0.3692782131
0.2501427492
0.3485244301
0.2977417789
0.2707598498
0.1189346304
0.4133597091
0.2712730809
0.5901170584
0.2683712849
887.0000000000
0.3570421886
0.3375057613
0.2720324578
0.2746631312
0.3678518474
0.3290322581
0.3362282163
0.3351392151
0.3685925760
0.3342758528
0.3450083277
0.3092361972
0.3377357301
0.2663484911
339.0000000000
0.3442641878
0.2694859212
0.3032912967
0.2828588415
0.3080500966
0.3420656639
0.2933888228
0.3485843835
0.3071116623
222.0000000000
581.0000000000
0.3499400039
0.3263426432
0.3278957535
0.2959037743
0.3575428897
0.3282003922
0.3760660678
0.3253572652
0.3450219046
0.3286981219
0.3357883760
361.0000000000
888.0000000000
0.3660011519
0.3338311052
0.3617039239
0.3206341187
121.0000000000
0.3325293701
0.2091706487
0.2825557554
0.3954918485
0.3347690326
680.0000000000
533.0000000000
975.0000000000
588.0000000000
0.3762090144
0.3522977754
0.3517414265
0.3634905796
717.0000000000
0.3531401356
0.3566477071
0.2752715193
0.3048776831
0.3341794846
0.3789847890
0.3804530413
456.0000000000
510.0000000000
0.3746861056
0.4882430520
0.2647244231
0.3349145121
0.2599611063
0.2945840038
0.2868139447
0.3579905040
0.2961231351
499.0000000000
0.3937541500
0.3087995757
0.3261554038
0.4003746903
0.3612066014
0.3815344294
0.3588770837
0.3265706754
0.3865583705
0.3377596700
0.3850789121
994.0000000000
0.4190604614
0.3909182117
0.4671515720
0.4006632950
0.4472666419
0.3565757860
0.3592471670
0.3917999361
0.4129638089
0.3950934579
0.3945565932
0.3718178821
0.3027015515
0.3079131053
0.3618581329
0.3907231172
989.0000000000
0.6143896524
0.3899462916
0.3620447688
0.3610109167
0.3890394878
0.3055662703
0.3746224496
0.3464010826
0.3709050456
0.2991899709
0.3742948789
0.4273517342
0.3886832660
0.3820025065
0.3127616117
0.4122810647
0.4165116807
0.4438580528
0.3016646237
18.0000000000
0.4084971850
0.3213929708
0.4234139833
0.3975210281
0.2872366338
0.3848401915
0.3871427553
933.0000000000
0.2922125796
0.4308502378
0.3701477815
0.4052947321
986.0000000000
0.2914798472
0.3686329637
0.3975921924
0.4131941226
0.4667536705
0.4076714026
0.4206075189
0.4075183610
0.4143356527
0.3831342298
0.2876365903
0.4159224355
0.4047930359
0.4025640364
867.0000000000
0.3350598249
0.3775421895
266.0000000000
0.4501351803
0.4288200534
691.0000000000
729.0000000000
0.3954030757
0.0861961274
0.3463628699
0.4045338776
0.3973739190
0.4216231687
0.5016878887
0.3782224768
0.4325424868
0.4072514533
0.4301869518
0.4356043593
0.4273298592
0.4173661429
0.4012025505
0.2651215820
952.0000000000
714.0000000000
0.4458383251
0.5610514855
0.3489689427
506.0000000000
0.4418616080
0.4407748106
0.3795405578
0.4190976879
0.3363477546
96.0000000000
0.4260692569
0.2878575023
0.3317236059
0.4280418109
0.4401904895
0.4305900126
0.3236732392
0.4272599921
465.0000000000
0.4264071473
0.4073717873
0.3890899577
0.3942060555
0.3938383672
180.0000000000
497.0000000000
0.3215274766
0.4228316662
0.4345230995
0.3326794903
0.4737521203
0.4533187044
0.4480554864
0.3442020926
0.4211070874
0.4094362039
0.4530190296
0.4098884913
0.4083516351
0.4864895336
0.4361904286
0.5363514719
66.0000000000
0.4334484266
0.3623389514
179.0000000000
0.4431604344
0.5282629130
0.4701096196
0.4169645575
0.4061393565
0.4303889308
0.3391358995
0.5104878815
0.0000000000
0.4767938893
0.3822885880
0.4676238634
0.4039090764
0.4712797410
0.4229982160
0.3942353543
0.4461497809
0.4443751386
0.4297522954
0.4136986623
0.4698808913
0.4284090500
0.3438743504
0.3435993771
0.4087405608
0.3416279699
585.0000000000
0.4703584582
131.0000000000
0.3949939021
0.3753686601
0.4031913314
0.4305697580
0.4827406236
0.7209377007
0.4835938010
0.4679354316
0.4349969800
639.0000000000
0.3760043745
0.5048228735
0.4916899415
0.4251028865
0.3616292045
0.4841570155
0.4136297132
0.4447081347
0.4968396628
0.4686871510
0.4474248538
0.3891951170
0.4633886880
0.3682028404
0.0000000000
0.4474009240
0.4676393787
0.4422314654
0.4406616561
0.3949707579
0.4482478817
0.4113904867
0.4726831359
0.4474273002
0.5037527202
582.0000000000
0.3347011586
0.4921659917
0.4360396139
0.5111129651
0.3812813039
0.4637491909
1.1514670896
0.4997937030
0.5125866337
0.4432496586
0.5002273322
0.4506969599
297.0000000000
0.4475321105
156.0000000000
0.3940974054
0.4484477732
0.7199079990
0.4985270847
0.3506843939
0.3815088440
0.4556410904
0.3678801112
0.4651079044
0.6304037388
406.0000000000
0.5041907966
967.0000000000
0.4434572821
0.4555236492
0.3738863181
0.5620468489
0.3597780860
541.0000000000
0.4958913519
0.5083890727
0.5210953297
0.3809914668
0.4863626757
0.5147177535
0.4137430692
0.3785844228
0.5083714002
233.0000000000
