0.0000000000
0.0000000000
655.0000000000
0.0000000000
0.0000000000
0.0007389899
0.0053948835
0.0032136880
0.0077234940
523.0026027581
0.0092690660
0.0160506386
0.0094915782
0.0000000000
0.0000000000
0.0078140536
0.0070127246
0.0098807221
0.0022271514
779.0100677578
0.0102139255
0.0000000000
0.0106086154
0.0140113225
0.0231697415
0.0000000000
646.0145147982
0.0135790711
0.0151197339
822.0177056050
0.0199043617
0.0228141501
0.0081472425
668.0198331837
0.0266670550
0.0263739048
0.0230321266
0.0137604252
993.0000000000
0.0170431025
0.0349615114
0.0184252986
0.0332342648
0.0209953731
0.0214986474
0.0246739711
0.0115619691
0.0203203815
0.0126431628
0.0172423367
0.0250543208
0.0339719553
0.0300046641
0.0079921609
0.0000000000
0.0269552809
0.0450412596
0.0184381779
0.0396464016
0.0366903528
0.0395268654
0.0259236726
0.0378180575
0.0217323555
0.0425882035
0.0393732650
0.0288246547
0.0287040634
0.0329634441
0.0336447316
0.0408863454
0.0284436469
0.0203798631
0.0327234044
0.0286013093
535.0286743228
0.0351445106
0.0507724520
0.0316687580
0.0147082364
0.0434677600
0.0410579586
0.0342287168
0.0100965371
0.0767527094
0.0334274286
0.0377190840
0.0377957495
0.0420223832
0.0533686181
0.0362085507
0.0374389815
0.0361879652
0.0344916333
0.0264065531
0.0387783689
0.0341314660
0.0285399507
0.0077358902
0.0454081342
0.0327483761
0.0356849721
0.0399012013
0.0598387769
0.0506286504
0.0435277908
0.0535668093
0.0366719681
0.0400816849
0.0569393990
0.0420611497
0.0486573355
0.0440586001
0.0477277781
0.0560881253
0.0685795839
0.0577560752
0.0537379603
0.0368111985
179.0457547012
0.0812120433
0.0779013490
0.0479217784
0.0741802406
0.0517817761
0.0000000000
0.0707600245
0.0660120252
0.0779836518
0.0618886253
0.0641322636
0.0222355369
0.0697821282
0.0743477778
0.0685531409
0.0738906288
0.0480423933
0.0580455172
0.0883786607
254.0833430830
0.0829641847
0.0619540526
0.0412507252
0.0777279127
0.0318909594
290.0714265079
0.0283673766
0.0620642150
0.0431694243
434.0615284498
0.0759576862
0.0650189885
0.0760241368
0.0681109178
0.0633180288
0.0776873744
984.0649138950
0.0476579067
0.0745279229
0.0721261965
0.0599526170
0.0489796288
0.0732292917
0.0703761596
0.0695893589
0.0936026872
0.0723118233
0.0855305081
0.0647882806
209.0705786503
0.0683017327
0.0463630899
0.0816381189
0.0824128936
0.0720126533
0.0545073883
0.0839625414
0.0635405686
0.1711165049
0.0817258277
0.0761383159
0.0730662509
0.0189957787
0.0511388163
0.0958494674
0.0993047647
0.0702412160
0.0889367625
863.0526939388
229.0832104640
0.0904892096
0.0692605054
0.0632056314
0.0937943977
0.0776797212
0.0877282770
0.0946661516
0.1128569704
0.0990933611
0.0902399813
0.0890689814
0.0437647556
381.0577026984
0.1011666223
0.0972836452
0.0969257231
0.3362210095
0.1113157113
0.1076978842
516.1256598546
0.1076268973
978.1132619111
0.1054819507
0.0910307126
0.0591110606
0.1122767696
0.1105905594
0.1092470479
0.1222759352
0.0851603993
0.1068076893
0.1039343346
112.1001346539
784.1049208058
0.1465155332
0.1172923093
0.1047269764
0.1080916571
0.1340046436
0.0418053210
0.1281490558
0.0778760877
0.1097024853
0.1158789139
0.1119620708
0.0940927082
0.1147011399
0.1007140402
0.1399392171
0.0847637029
0.1043534134
797.1229962681
0.1170776281
0.1164445213
893.1144887998
0.1191500867
897.1075348640
0.1203192263
0.1201111466
0.1180765400
0.1167981639
694.0986837923
0.1181140719
0.1595236758
0.1155905768
0.0974411993
0.1419897620
0.2669676132
0.1098594815
0.1463424421
0.1520151522
0.1279777888
525.1028617152
0.1153495204
0.1297887295
0.1196677501
0.1393056151
0.0589038424
0.1797953703
0.1361515383
0.2421309544
373.1213142414
0.0631037738
0.1340271035
0.1295824180
0.1518552266
0.2368577788
0.1639230456
0.1225301881
0.1458254080
0.1204851342
662.1390578645
0.1121205397
0.1343764558
0.1303096397
0.1538783066
0.0834227999
0.0883164673
0.1619145043
599.1477615367
0.1735304256
0.1405085996
0.0815179199
0.0880239521
0.1158209489
309.1046873488
985.1045513560
0.1377801302
0.1561159182
0.1566107682
0.1462663971
0.1062828529
0.1497709683
811.1659414224
0.1097964701
941.1561693340
0.1574684379
0.1368940635
0.1565882617
0.1752834721
0.1633175302
0.1352002366
319.1404168355
0.1196121891
0.1760079923
0.1500734214
0.1492019003
0.1745514222
457.1476555263
0.1402249525
792.1966991844
0.1542138499
0.1043695455
193.1146865475
0.1292492655
0.1198516051
0.1723686157
0.1451674921
0.2212693428
178.2100348149
0.1410177186
0.1769803063
0.1594559045
0.1568196306
0.1410822489
550.1411082874
325.2178835647
0.1332394976
322.1615943181
0.1111395283
0.1550896136
0.1557643594
0.1619782888
0.1588492116
0.1822987674
0.1557976244
0.1792250837
0.3863247863
0.1281699409
0.1662399415
0.1213154856
0.1801118788
0.1314532383
0.1932713878
0.1725091408
756.1263421524
440.1554970098
0.1754139745
0.2424127705
0.2002042484
0.1488470284
207.2398290916
0.1700836913
0.1544708733
0.1481198310
0.1491833386
0.1677698405
0.1453578957
0.1671982002
0.1553116277
0.1858191953
510.1917070074
0.1479933706
0.1805263934
0.1487727569
0.1551656326
570.1573405558
0.1485427426
0.1975482143
0.1923026921
0.1847741474
0.2005222225
0.1979626036
0.2086265879
0.2129338894
0.1761966165
0.2358040856
0.2043952443
696.1901686751
724.1788423964
0.1563318124
0.2052181404
0.2064534607
0.1755850266
174.1947847540
0.1566343901
0.3335327550
0.1698295198
0.2083101740
0.2286825210
560.2068794175
0.1729291445
0.1986077913
0.2052140552
0.1526080084
0.1971090528
0.2085894507
311.1106541419
0.1554084437
0.2021242799
0.1803573889
0.1848701146
701.2448488057
0.1376767688
0.2069606287
0.5706214689
0.1943235613
0.2173414653
0.1817299382
0.1769731368
728.1135118914
0.1916333899
917.2197873255
0.1826146371
854.2201617104
0.1185808325
0.1954595118
0.1848563625
995.0362384820
0.2082480494
317.2051058391
0.1851193499
118.0869480266
0.1368905828
0.1999255427
0.2046900849
0.1844104876
0.2248906485
0.2284965613
0.1952846379
0.1618955229
0.1873057684
0.3822156197
0.1947273817
0.2176900909
0.1917673946
0.3604375920
0.1789885088
0.1795878445
0.1923514135
0.2023429773
0.1536347239
0.2237692931
0.2274246950
0.2165785613
0.2127293807
0.2028657727
0.1963001745
627.2213425204
0.2025347079
0.2016478859
0.2280953151
0.2236401863
0.2280852194
0.1969513664
778.2503921098
0.2187565016
0.1297706783
0.1991024107
0.2267387498
615.2177007065
0.3214481240
0.2522931659
131.1714212201
0.1591638208
0.2201659747
0.0933869526
0.2246330126
0.2221540350
0.2107697262
245.2244139207
0.1735704666
0.2233475122
0.2221033163
0.2414801377
0.2117036844
0.1977424875
0.1321643070
0.2018700666
349.2049951043
0.2141241602
0.1903131882
0.2220930505
0.2240504980
0.2167991849
861.2454260692
0.2339386992
0.2347405200
0.2337912285
0.2091117032
0.2008536368
0.2609660491
0.2474819877
0.1548787156
0.2063012581
0.1347863967
0.2178269615
0.2169208650
0.2784526557
0.1880980068
187.2450533897
0.2311879369
0.2147665690
0.1490800295
0.2281497505
0.2728834078
0.2105398351
754.1723332538
0.1830120718
0.2476597477
0.1590150731
0.2003464645
0.2184875270
366.1635913093
909.2358353943
0.2335672014
0.2243136312
0.4250403877
0.2089001543
0.2209643971
0.2327896200
0.1562339582
905.2063335107
0.2306659686
0.2437478866
0.2505455926
0.2835251341
0.1423691594
0.2228170143
0.2856262532
0.2336202687
0.2453998558
899.2897125974
0.2315498220
0.2770270270
0.2798587011
0.2326146991
0.2439901216
0.2326715866
0.2744528452
0.1493917123
0.2075475223
0.1820869565
0.2458903913
0.4793325749
0.1706623282
0.2113825637
0.2349983105
0.2231461946
0.2146584354
0.2715794391
0.1992337644
0.2475762507
0.2425787000
0.2304931953
0.2670751555
0.1478926911
0.2783258540
0.2526999440
0.2203661888
0.2777072209
0.2672052830
383.2518823856
0.2317827497
0.2042188933
0.2289355528
0.2671578255
0.3358108784
0.2370089634
0.1812899620
0.2624395967
0.2589697247
0.2557392715
0.2331325047
0.2030781944
0.2313718668
0.2580630538
0.2585317316
0.2663601375
115.2716655893
430.1539140300
0.3194180992
0.2543668740
960.2592799796
0.2763376129
0.2464792352
0.2061556945
495.2649615465
0.2452404037
0.2592877674
0.2719244475
363.3010254617
0.3478247661
0.2702990238
489.2302335007
509.4316631381
0.2646972350
0.2274139492
0.3111868599
0.1783246699
0.2223756109
0.2587830439
0.2778285237
621.2535544985
0.2014017509
0.2729289381
0.2528876855
0.2608742372
0.2710071048
0.2432502242
0.2364657814
0.2308918588
0.2502088564
0.2316911558
0.2618260504
0.2696528867
0.2595828494
108.2786554995
0.2706769215
0.2466888753
0.3083623945
899.3711435009
0.2065562139
0.2700247223
0.2647289487
0.2569008720
91.2623650867
0.3131826786
0.2845679135
315.2531634186
834.2376075825
106.3081947415
0.2824612873
0.2464642399
0.2585748580
0.2655256499
0.2857273765
0.2795657744
0.2739901671
0.2710684176
0.3000719980
0.3047225055
0.2571641731
211.2831729350
0.2863623578
0.3076704053
0.2702447899
0.3022815571
451.2379772995
28.3904288597
0.2826076547
0.3073126573
0.2771160931
0.2306342496
0.2662802122
0.2717050364
0.2809576299
0.2775281182
0.3465708286
0.2972806041
0.2983421697
0.3406354733
0.2861058119
0.3018630990
0.2606050885
0.2903474074
0.2606607809
0.2787718751
0.2618201348
0.4284503221
0.2852860868
0.3029769893
0.2798499133
869.3060061574
745.2910749071
0.3260828598
0.3380930468
0.2671202839
0.2869085394
0.3358383102
0.3790071109
0.3057936356
182.2072034569
0.3146094974
0.2257687583
0.2061448985
0.2718848552
414.2944982787
0.2369450801
0.2667039689
528.3230173936
0.3129807562
0.2909690702
0.2473228146
0.2581207264
0.2417880958
0.2917754720
0.2320688798
0.2932735975
948.4781926577
0.3466501446
0.3045420067
0.2749751649
0.3530076259
0.3372932267
0.3173747086
0.2516823915
0.2868523086
0.2920107929
0.2962968053
0.3068885759
0.3358929189
0.2949069803
0.3925789570
0.3594321972
